2014-08-14 15:21:29

------------

600 samples in ../split_library_log/Costello_body_split_library_log.txt
600 samples in ../otu_table_stats/Costello_body_otu_table_stats.txt

------------
sample	splitLibLog	otuTableStats	percent
M12Urin.140746	413.0	394.0	0.953995157385
M22Knel.140707	439.0	396.0	0.902050113895
M22Aptl.140790	495.0	439.0	0.886868686869
F11Aptr.140618	511.0	489.0	0.956947162427
M41Glns.140561	513.0	472.0	0.92007797271
M31Forr.140497	518.0	497.0	0.959459459459
M32Urin.140565	528.0	426.0	0.806818181818
M22Kner.140718	540.0	475.0	0.87962962963
F12Ewxr.140726	543.0	521.0	0.959484346225
M32Knel.140332	562.0	479.0	0.85231316726
M31Forl.140292	570.0	533.0	0.935087719298
M42Navl.140564	571.0	541.0	0.947460595447
M11Forr.140759	574.0	537.0	0.935540069686
F12Forl.140305	574.0	518.0	0.90243902439
F11Fcsp.140567	575.0	510.0	0.886956521739
M31Fcsp.140824	584.0	525.0	0.89897260274
M12Kner.140631	591.0	539.0	0.912013536379
M31Navl.140871	595.0	577.0	0.96974789916
M42Fcsp.140374	604.0	500.0	0.827814569536
M32Kner.140429	605.0	525.0	0.867768595041
M11Nstr.140514	606.0	583.0	0.96204620462
F11Knel.140331	609.0	544.0	0.893267651888
M11Indr.140633	615.0	581.0	0.944715447154
F11Kner.140478	628.0	568.0	0.904458598726
F32Knel.140324	633.0	554.0	0.875197472354
M31Fotl.140712	634.0	561.0	0.884858044164
F31Nstl.140789	635.0	607.0	0.955905511811
M21Nose.140682	665.0	635.0	0.954887218045
F31Plml.140322	666.0	611.0	0.917417417417
M11Navl.140483	666.0	604.0	0.906906906907
M41Indr.140781	672.0	602.0	0.895833333333
F11Hair.140612	674.0	661.0	0.980712166172
F12Frhd.140469	674.0	656.0	0.973293768546
F12Knel.140738	683.0	602.0	0.88140556369
F11Plmr.140656	696.0	596.0	0.85632183908
M42Nstr.140784	703.0	644.0	0.916073968706
M11Plmr.140866	712.0	660.0	0.926966292135
F12Forr.140302	712.0	652.0	0.915730337079
F31Hair.140753	712.0	686.0	0.963483146067
M24Tong.140439	713.0	639.0	0.896213183731
M41Forl.140496	717.0	670.0	0.934449093445
F11Plml.140803	720.0	627.0	0.870833333333
F31Aptr.140458	723.0	697.0	0.964038727524
M12Ewxl.140401	730.0	686.0	0.939726027397
M21Aptl.140554	733.0	680.0	0.927694406548
M12Knel.140275	735.0	675.0	0.918367346939
M32Pinr.140389	736.0	713.0	0.96875
F11Aptl.140780	751.0	683.0	0.909454061252
M12Fcsw.140326	755.0	647.0	0.856953642384
F11Forr.140422	761.0	675.0	0.886990801577
M11Aptr.140378	764.0	745.0	0.975130890052
F11Indr.140809	770.0	708.0	0.919480519481
F34Ewax.140285	772.0	744.0	0.963730569948
M12Indl.140438	776.0	751.0	0.967783505155
M21Kner.140721	783.0	686.0	0.876117496807
M64Uric.140672	788.0	711.0	0.902284263959
M31Nstl.140392	789.0	760.0	0.963244613435
M12Indr.140762	792.0	730.0	0.921717171717
F31Pinr.140799	794.0	770.0	0.969773299748
F22Forr.140732	795.0	737.0	0.927044025157
M11Pinl.140316	796.0	771.0	0.968592964824
F11Forl.140437	798.0	723.0	0.906015037594
F31Kner.140761	799.0	700.0	0.876095118899
M32Glns.140441	802.0	673.0	0.839152119701
F14Fotl.140552	805.0	780.0	0.968944099379
M33Fotr.140533	809.0	759.0	0.938195302843
M11Frhd.140548	815.0	779.0	0.955828220859
M11Indl.140749	815.0	773.0	0.948466257669
M11Nose.140428	816.0	784.0	0.960784313725
M11Nstl.140810	818.0	790.0	0.965770171149
F32Aptl.140820	818.0	738.0	0.902200488998
F31Aptl.140409	821.0	781.0	0.951278928136
F11Ewxr.140797	824.0	796.0	0.966019417476
F11Pinl.140315	826.0	761.0	0.921307506053
M11Urin.140484	827.0	782.0	0.945586457074
M34Knee.140362	829.0	785.0	0.946924004825
M34Urin.140663	831.0	769.0	0.925391095066
M11Aptl.140830	831.0	805.0	0.968712394705
M11Plml.140620	834.0	773.0	0.926858513189
M11Pinr.140546	835.0	814.0	0.974850299401
M12Hair.140590	836.0	807.0	0.965311004785
F11Fotr.140431	838.0	655.0	0.781622911695
F11Indl.140283	838.0	789.0	0.941527446301
M42Forr.140521	845.0	746.0	0.882840236686
F31Pinl.140395	851.0	825.0	0.969447708578
M13Fotl.140685	853.0	808.0	0.947245017585
M11Forl.140337	855.0	788.0	0.921637426901
M12Fotr.140278	855.0	827.0	0.967251461988
F33Ewax.140872	862.0	823.0	0.95475638051
M11Knel.140676	863.0	808.0	0.936268829664
M24Fotr.140398	865.0	778.0	0.899421965318
M12Pinl.140722	867.0	834.0	0.961937716263
M12Navl.140334	869.0	795.0	0.914844649022
M12Plml.140817	871.0	815.0	0.93570608496
M64Urin.140764	872.0	805.0	0.923165137615
M12Forl.140812	872.0	798.0	0.915137614679
M41Indl.140854	872.0	798.0	0.915137614679
M13Uric.140340	875.0	861.0	0.984
F11Frhd.140508	875.0	842.0	0.962285714286
F32Pinr.140328	877.0	844.0	0.962371721779
M33Fotl.140701	879.0	857.0	0.974971558589
M31Urin.140563	882.0	801.0	0.908163265306
F12Hair.140386	883.0	871.0	0.986409966025
F12Fcsp.140694	885.0	751.0	0.848587570621
M12Fcsp.140668	886.0	799.0	0.901805869074
F14Plml.140525	886.0	837.0	0.944695259594
F21Fotr.140485	896.0	875.0	0.9765625
F12Fcsw.140400	898.0	804.0	0.895322939866
M32Fotl.140843	899.0	797.0	0.886540600667
F11Ewxl.140795	902.0	854.0	0.946784922395
M11Fcsw.140610	903.0	814.0	0.901439645626
M41Nstr.140549	907.0	830.0	0.915104740904
F22Aptl.140370	908.0	877.0	0.965859030837
F12Ewxl.140466	909.0	855.0	0.940594059406
M22Glns.140314	911.0	799.0	0.877058177827
F13Uric.140806	911.0	877.0	0.962678375412
M31Kner.140321	914.0	847.0	0.926695842451
M12Forr.140849	914.0	848.0	0.927789934354
F14Nost.140522	918.0	897.0	0.977124183007
M42Nstl.140363	919.0	842.0	0.916213275299
M12Nstl.140399	922.0	876.0	0.95010845987
M11Hair.140577	923.0	901.0	0.97616468039
M12Aptr.140800	924.0	901.0	0.975108225108
M41Hair.140413	924.0	894.0	0.967532467532
F13Plmr.140454	928.0	823.0	0.886853448276
F11Mout.140583	932.0	863.0	0.925965665236
M33Knee.140298	932.0	867.0	0.93025751073
M34Fotl.140468	933.0	905.0	0.969989281886
F22Navl.140838	939.0	911.0	0.970181043663
M42Fotr.140861	941.0	891.0	0.946865037194
F34Knee.140341	946.0	896.0	0.947145877378
F34Plml.140846	946.0	907.0	0.958773784355
F21Indr.140440	947.0	886.0	0.935586061246
M63Knee.140419	948.0	872.0	0.919831223629
M23Plmr.140648	955.0	892.0	0.934031413613
F32Ewxl.140542	955.0	914.0	0.957068062827
M11Kner.140517	956.0	881.0	0.921548117155
F11Fotl.140558	956.0	790.0	0.826359832636
F32Pinl.140578	956.0	932.0	0.97489539749
M13Fotr.140755	963.0	921.0	0.956386292835
F12Aptr.140530	967.0	903.0	0.933815925543
M63Uric.140617	967.0	952.0	0.984488107549
M33Uric.140581	970.0	858.0	0.884536082474
M12Mout.140350	971.0	879.0	0.905252317199
M34Fotr.140476	972.0	852.0	0.876543209877
M12Plmr.140584	972.0	918.0	0.944444444444
M63Fotr.140467	973.0	807.0	0.829393627955
F11Nose.140325	976.0	957.0	0.980532786885
F11Nstl.140539	978.0	923.0	0.943762781186
M12Glns.140683	984.0	943.0	0.958333333333
M14Uric.140532	988.0	945.0	0.956477732794
F21Fcsp.140536	990.0	791.0	0.79898989899
F33Nost.140487	994.0	975.0	0.980885311871
M53Plmr.140520	995.0	968.0	0.972864321608
M33Frhd.140580	997.0	981.0	0.983951855567
F11Fcsw.140616	998.0	851.0	0.852705410822
M43Urin.140463	999.0	977.0	0.977977977978
F11Labi.140687	1003.0	865.0	0.862412761715
M13Plmr.140301	1004.0	895.0	0.891434262948
F31Nstr.140608	1004.0	947.0	0.943227091633
M34Plmr.140826	1005.0	930.0	0.925373134328
F13Frhd.140649	1005.0	984.0	0.979104477612
F13Fotl.140488	1006.0	975.0	0.969184890656
M12Pinr.140598	1007.0	970.0	0.963257199603
M13Urin.140575	1007.0	962.0	0.955312810328
M24Uric.140635	1009.0	971.0	0.962338949455
F33Frhd.140757	1013.0	975.0	0.962487660415
M44Fotr.140394	1013.0	994.0	0.981243830207
F14Uric.140596	1015.0	917.0	0.903448275862
M21Hair.140504	1015.0	934.0	0.920197044335
M33Plmr.140723	1016.0	963.0	0.947834645669
M54Ewax.140661	1017.0	979.0	0.962635201573
M23Urin.140740	1019.0	976.0	0.957801766438
M24Plml.140651	1021.0	980.0	0.959843290891
F12Kner.140545	1026.0	956.0	0.931773879142
M11Mout.140852	1026.0	925.0	0.901559454191
M63Fotl.140731	1029.0	921.0	0.895043731778
M33Plml.140822	1031.0	950.0	0.921435499515
M23Fotl.140684	1034.0	959.0	0.92746615087
M24Plmr.140833	1035.0	963.0	0.930434782609
F33Knee.140702	1038.0	968.0	0.932562620424
M24Urin.140388	1041.0	1029.0	0.988472622478
F22Kner.140705	1043.0	960.0	0.920421860019
F14Knee.140634	1046.0	983.0	0.939770554493
F24Knee.140744	1048.0	987.0	0.94179389313
F11Nstr.140303	1049.0	1002.0	0.955195424214
M11Fotr.140751	1049.0	1003.0	0.95614871306
M33Ewax.140613	1050.0	1016.0	0.967619047619
M33Nost.140351	1051.0	1008.0	0.959086584206
M42Kner.140502	1053.0	889.0	0.844254510921
M14Plmr.140579	1057.0	941.0	0.890255439924
F34Plmr.140416	1061.0	1000.0	0.942507068803
M63Plml.140689	1063.0	1029.0	0.96801505174
M23Uric.140523	1064.0	1031.0	0.968984962406
F11Urin.140632	1065.0	1031.0	0.968075117371
M31Pinr.140627	1070.0	1050.0	0.981308411215
M44Fotl.140595	1070.0	1042.0	0.973831775701
M12Nstr.140690	1071.0	1040.0	0.971055088702
M22Nstr.140393	1072.0	986.0	0.919776119403
M11Glns.140664	1072.0	1029.0	0.959888059701
F12Aptl.140591	1072.0	993.0	0.926305970149
M54Fotl.140823	1073.0	979.0	0.912395153774
F31Indr.140675	1073.0	994.0	0.926374650513
M63Urin.140645	1078.0	1062.0	0.985157699443
M54Uric.140775	1078.0	1033.0	0.958256029685
M32Forl.140592	1078.0	1015.0	0.941558441558
M43Fotr.140475	1080.0	1020.0	0.944444444444
M42Nose.140308	1081.0	1015.0	0.938945420907
M22Forl.140587	1084.0	986.0	0.909594095941
M12Frhd.140766	1086.0	1048.0	0.965009208103
M12Ewxr.140434	1087.0	936.0	0.861085556578
F23Knee.140816	1090.0	1046.0	0.959633027523
M41Mout.140367	1090.0	958.0	0.878899082569
M53Urin.140277	1090.0	1017.0	0.933027522936
M43Knee.140412	1095.0	1013.0	0.925114155251
F13Plml.140601	1096.0	1044.0	0.952554744526
M33Urin.140845	1097.0	755.0	0.688240656335
F31Fcsp.140571	1099.0	988.0	0.898999090082
M63Ewax.140384	1099.0	1072.0	0.975432211101
M53Ewax.140448	1100.0	1067.0	0.97
M53Uric.140515	1100.0	1044.0	0.949090909091
M32Indr.140748	1102.0	1057.0	0.959165154265
F22Forl.140279	1102.0	1009.0	0.915607985481
M34Nost.140408	1106.0	1072.0	0.969258589512
F14Plmr.140786	1107.0	1041.0	0.940379403794
M31Knel.140873	1107.0	1028.0	0.928635953026
F21Forl.140295	1108.0	1003.0	0.90523465704
M41Nose.140779	1112.0	1061.0	0.954136690647
M41Forr.140728	1113.0	998.0	0.896675651393
M14Fotr.140729	1116.0	1063.0	0.952508960573
F24Plml.140452	1119.0	1008.0	0.900804289544
M34Frhd.140638	1119.0	1098.0	0.981233243968
F23Fotl.140863	1120.0	1093.0	0.975892857143
M12Aptl.140844	1121.0	1089.0	0.971454058876
F23Uric.140274	1123.0	1105.0	0.983971504898
F32Navl.140293	1126.0	1019.0	0.904973357016
M43Fotl.140659	1130.0	1075.0	0.951327433628
M22Forr.140708	1133.0	1008.0	0.889673433363
M24Frhd.140442	1136.0	1118.0	0.984154929577
M22Navl.140637	1136.0	1046.0	0.920774647887
M64Frhd.140834	1138.0	1126.0	0.989455184534
M14Nost.140445	1139.0	1100.0	0.965759438104
F23Plml.140585	1140.0	1089.0	0.955263157895
F34Frhd.140568	1140.0	1120.0	0.982456140351
F14Urin.140297	1144.0	1117.0	0.976398601399
M32Aptl.140296	1145.0	1117.0	0.975545851528
F23Fotr.140680	1148.0	1113.0	0.969512195122
M12Nose.140763	1149.0	1123.0	0.977371627502
F13Urin.140615	1151.0	1100.0	0.955690703736
F33Uric.140793	1151.0	1125.0	0.977410947003
M31Nstr.140461	1151.0	1109.0	0.963509991312
F33Plml.140709	1157.0	1004.0	0.867761452031
F24Uric.140658	1157.0	1129.0	0.975799481417
F34Nost.140282	1159.0	1134.0	0.978429680759
M53Frhd.140768	1160.0	1138.0	0.981034482759
M44Uric.140688	1161.0	1137.0	0.979328165375
F21Nstr.140791	1164.0	1127.0	0.968213058419
M54Nost.140835	1165.0	1115.0	0.957081545064
M21Forr.140361	1166.0	1054.0	0.903945111492
F14Ewax.140371	1168.0	1128.0	0.965753424658
M31Glns.140477	1168.0	937.0	0.802226027397
F32Plmr.140529	1168.0	1073.0	0.918664383562
M24Knee.140796	1169.0	1085.0	0.928143712575
F24Plmr.140433	1170.0	1048.0	0.895726495726
M44Nost.140343	1176.0	1133.0	0.96343537415
F23Plmr.140435	1176.0	1103.0	0.937925170068
M23Fotr.140344	1176.0	1101.0	0.936224489796
M22Plmr.140574	1178.0	1004.0	0.852292020374
M64Ewax.140550	1179.0	1151.0	0.976251060221
F31Knel.140379	1180.0	1099.0	0.931355932203
M11Fotl.140711	1183.0	1149.0	0.971259509721
M63Plmr.140815	1185.0	1148.0	0.968776371308
M23Ewax.140338	1187.0	1155.0	0.973041280539
F12Indr.140556	1188.0	1064.0	0.895622895623
M42Ewxr.140604	1191.0	1123.0	0.942905121746
M34Plml.140373	1192.0	1124.0	0.942953020134
M14Fotl.140639	1192.0	1164.0	0.976510067114
M14Urin.140599	1193.0	1132.0	0.948868398994
M63Frhd.140286	1194.0	1179.0	0.98743718593
M24Fotl.140320	1194.0	1027.0	0.86013400335
M13Knee.140288	1194.0	1047.0	0.876884422111
M54Plml.140636	1195.0	1106.0	0.925523012552
M21Navl.140850	1196.0	995.0	0.831939799331
M63Nost.140870	1196.0	1153.0	0.964046822742
M32Hair.140734	1197.0	1157.0	0.966583124478
F21Knel.140372	1197.0	1117.0	0.933166248956
F14Frhd.140741	1201.0	1180.0	0.982514571191
M21Fotr.140859	1203.0	1047.0	0.870324189526
M42Plmr.140511	1203.0	1087.0	0.90357439734
F34Fotr.140673	1203.0	991.0	0.823773898587
M54Urin.140480	1207.0	1175.0	0.973487986744
M22Frhd.140287	1210.0	1138.0	0.940495867769
F32Fotl.140455	1211.0	1116.0	0.921552436003
F32Forr.140528	1211.0	1050.0	0.867052023121
F24Fotr.140273	1212.0	1171.0	0.966171617162
M41Pinr.140509	1212.0	1154.0	0.952145214521
M54Frhd.140695	1214.0	1197.0	0.985996705107
M22Urin.140805	1215.0	1168.0	0.961316872428
F31Indl.140679	1216.0	1120.0	0.921052631579
M54Knee.140481	1216.0	1147.0	0.943256578947
M12Fotl.140774	1224.0	1163.0	0.950163398693
F32Indl.140607	1229.0	1123.0	0.913751017087
M13Ewax.140391	1230.0	1181.0	0.960162601626
M41Plmr.140782	1230.0	1109.0	0.90162601626
M31Plml.140743	1230.0	1165.0	0.947154471545
M32Ewxr.140697	1231.0	1211.0	0.983753046304
M53Plml.140660	1234.0	1196.0	0.969205834684
M44Frhd.140730	1235.0	1215.0	0.983805668016
M31Pinl.140703	1237.0	1196.0	0.966855295069
M23Nost.140669	1237.0	1197.0	0.967663702506
F13Ewax.140760	1238.0	1208.0	0.975767366721
F32Ewxr.140535	1240.0	1205.0	0.971774193548
M32Fotr.140562	1241.0	1075.0	0.866236905721
F32Hair.140769	1243.0	1199.0	0.964601769912
M43Plmr.140716	1244.0	1102.0	0.885852090032
M64Knee.140570	1244.0	1180.0	0.948553054662
F13Knee.140670	1246.0	1178.0	0.945425361156
M53Fotr.140451	1249.0	1076.0	0.861489191353
M41Urin.140696	1252.0	1191.0	0.951277955272
M44Knee.140736	1260.0	1173.0	0.930952380952
M11Ewxl.140424	1264.0	1206.0	0.954113924051
F21Aptr.140500	1265.0	1222.0	0.966007905138
M31Mout.140342	1265.0	1099.0	0.868774703557
M13Plml.140472	1268.0	1168.0	0.921135646688
M54Plmr.140626	1271.0	1193.0	0.938630999213
M41Pinl.140284	1272.0	1219.0	0.958333333333
F31Frhd.140832	1273.0	1225.0	0.962293794187
F31Fotr.140874	1273.0	1098.0	0.862529457973
F21Indl.140446	1274.0	1203.0	0.944270015699
M32Frhd.140776	1275.0	1238.0	0.970980392157
F11Pinr.140867	1275.0	1265.0	0.992156862745
M24Ewax.140460	1278.0	1225.0	0.958528951487
M31Ewxl.140375	1278.0	1236.0	0.967136150235
M53Fotl.140376	1282.0	1086.0	0.847113884555
F21Hair.140524	1282.0	1241.0	0.968018720749
M31Fotr.140572	1286.0	1203.0	0.935458786936
M34Ewax.140864	1288.0	1265.0	0.982142857143
M32Plmr.140307	1289.0	1214.0	0.941815360745
M11Tong.140453	1290.0	1161.0	0.9
M14Knee.140681	1293.0	1170.0	0.904872389791
M64Nost.140402	1293.0	1240.0	0.959010054138
F11Navl.140566	1294.0	966.0	0.746522411128
F13Fcsw.140387	1294.0	1076.0	0.831530139104
F21Fcsw.140506	1294.0	1014.0	0.783616692427
F24Nost.140792	1296.0	1233.0	0.951388888889
M44Urin.140414	1297.0	1265.0	0.97532767926
F13Nost.140811	1301.0	1261.0	0.969254419677
F22Pinl.140717	1303.0	1288.0	0.988488104375
M32Ewxl.140473	1304.0	1276.0	0.978527607362
M54Fotr.140667	1305.0	1183.0	0.906513409962
F33Fotr.140629	1306.0	1100.0	0.842266462481
F32Aptr.140339	1312.0	1208.0	0.920731707317
M14Frhd.140825	1312.0	1191.0	0.907774390244
M12Tong.140559	1313.0	1186.0	0.903274942879
F23Ewax.140304	1315.0	1234.0	0.938403041825
M32Nstl.140853	1321.0	1255.0	0.950037850114
M22Hair.140456	1323.0	1234.0	0.932728647014
M22Pinr.140692	1326.0	1276.0	0.962292609351
M43Nost.140345	1327.0	1271.0	0.957799547852
M42Glns.140719	1327.0	1231.0	0.927656367747
M21Nstr.140593	1328.0	1198.0	0.902108433735
M64Plml.140628	1328.0	1255.0	0.945030120482
M44Plmr.140868	1330.0	1239.0	0.931578947368
F33Fotl.140406	1332.0	1131.0	0.849099099099
F12Pinr.140498	1336.0	1263.0	0.945359281437
F12Nose.140365	1338.0	1281.0	0.957399103139
F32Kner.140397	1340.0	1166.0	0.870149253731
M53Knee.140318	1344.0	1242.0	0.924107142857
M32Pinl.140666	1349.0	1301.0	0.964418087472
F31Nose.140465	1352.0	1290.0	0.954142011834
M64Fotr.140624	1354.0	1197.0	0.884047267356
F12Plml.140300	1355.0	1217.0	0.89815498155
F22Fotr.140698	1357.0	1306.0	0.962417096536
M64Plmr.140356	1364.0	1247.0	0.9142228739
F21Pinr.140773	1368.0	1340.0	0.979532163743
M13Nost.140290	1375.0	1322.0	0.961454545455
M21Aptr.140329	1376.0	1255.0	0.912063953488
F22Nstl.140534	1378.0	1305.0	0.94702467344
M43Plml.140405	1379.0	1237.0	0.897026831037
F34Uric.140423	1380.0	1351.0	0.978985507246
M42Aptl.140537	1385.0	1279.0	0.923465703971
F24Ewax.140807	1386.0	1309.0	0.944444444444
F32Forl.140724	1395.0	1257.0	0.901075268817
F22Indl.140644	1397.0	1322.0	0.946313528991
F31Mout.140605	1402.0	1188.0	0.847360912981
F12Nstr.140310	1403.0	1342.0	0.95652173913
M64Fotl.140777	1404.0	1144.0	0.814814814815
M44Plml.140614	1407.0	1312.0	0.932480454869
M11Fcsp.140589	1409.0	1274.0	0.904187366927
M32Fcsp.140470	1409.0	1318.0	0.935415188077
F23Nost.140510	1414.0	1370.0	0.968882602546
F33Plmr.140674	1417.0	1078.0	0.760762173606
F13Fotr.140798	1419.0	1374.0	0.968287526427
F24Fotl.140630	1419.0	1369.0	0.964763918252
M42Plml.140513	1421.0	1271.0	0.894440534835
F24Frhd.140858	1422.0	1415.0	0.995077355837
M41Fotr.140652	1422.0	1327.0	0.933192686357
F22Fcsw.140281	1423.0	1157.0	0.81307097681
M43Frhd.140486	1423.0	1392.0	0.978215038651
M22Nstl.140860	1424.0	1312.0	0.921348314607
M21Urin.140335	1430.0	1385.0	0.968531468531
F12Indl.140710	1433.0	1329.0	0.927424982554
F24Urin.140403	1434.0	1415.0	0.986750348675
M24Nost.140862	1441.0	1386.0	0.961832061069
F21Nstl.140383	1443.0	1360.0	0.942480942481
F33Urin.140518	1444.0	1427.0	0.988227146814
F23Urin.140495	1447.0	1417.0	0.979267449896
M32Plml.140507	1451.0	1353.0	0.932460372157
M41Frhd.140449	1457.0	1393.0	0.956074124914
M42Aptr.140377	1466.0	1294.0	0.882673942701
M21Knel.140490	1467.0	1233.0	0.840490797546
F23Fcsw.140551	1468.0	1285.0	0.875340599455
F22Nstr.140671	1469.0	1424.0	0.96936691627
F22Aptr.140609	1472.0	1419.0	0.963994565217
F12Nstl.140831	1494.0	1441.0	0.96452476573
M32Fcsw.140646	1494.0	1365.0	0.913654618474
M53Fcsw.140426	1498.0	1416.0	0.94526034713
M24Fcsw.140647	1498.0	1349.0	0.900534045394
M22Indr.140471	1500.0	1358.0	0.905333333333
F34Fotl.140856	1500.0	1244.0	0.829333333333
F32Fotr.140582	1502.0	1403.0	0.934087882823
M23Knee.140621	1508.0	1383.0	0.917108753316
M23Plml.140503	1511.0	1436.0	0.950363997353
M22Fotl.140555	1513.0	1207.0	0.797752808989
M22Ewxl.140750	1513.0	1388.0	0.91738268341
F34Urin.140432	1522.0	1482.0	0.973718791064
M22Fcsw.140276	1527.0	1378.0	0.902423051735
M32Nstr.140494	1532.0	1441.0	0.940600522193
M42Forl.140600	1536.0	1362.0	0.88671875
M63Tong.140865	1537.0	1395.0	0.90761223162
M31Fcsw.140368	1537.0	1387.0	0.902407286923
F21Plmr.140745	1540.0	1450.0	0.941558441558
F22Fcsp.140783	1540.0	1232.0	0.8
M63Fcsw.140818	1545.0	1423.0	0.921035598706
F12Plmr.140839	1545.0	1339.0	0.866666666667
M42Pinr.140457	1545.0	1518.0	0.982524271845
F12Fotr.140597	1552.0	1163.0	0.749355670103
M42Tong.140857	1560.0	1377.0	0.882692307692
F21Plml.140704	1566.0	1423.0	0.908684546616
F22Fotl.140421	1569.0	1524.0	0.971319311663
M41Nstl.140739	1570.0	1438.0	0.915923566879
M32Forr.140802	1586.0	1491.0	0.940100882724
M22Indl.140813	1591.0	1440.0	0.905091137649
F22Knel.140720	1593.0	1488.0	0.934086629002
M54Fcsw.140330	1607.0	1493.0	0.929060360921
M13Frhd.140349	1608.0	1510.0	0.939054726368
M44Ewax.140411	1615.0	1523.0	0.943034055728
F31Ewxr.140289	1617.0	1543.0	0.954236239951
F32Labi.140727	1618.0	1479.0	0.914091470952
M43Fcsw.140714	1620.0	1451.0	0.895679012346
F31Forl.140333	1621.0	1440.0	0.888340530537
M22Plml.140625	1622.0	1477.0	0.910604192355
F21Tong.140655	1624.0	1395.0	0.858990147783
F12Labi.140407	1632.0	1220.0	0.747549019608
F11Tong.140366	1633.0	1418.0	0.868340477648
F22Plmr.140357	1634.0	1536.0	0.940024479804
F22Frhd.140836	1635.0	1601.0	0.979204892966
F22Labi.140560	1651.0	1551.0	0.939430648092
F21Forr.140353	1657.0	1532.0	0.924562462281
M31Nose.140415	1659.0	1640.0	0.988547317661
M32Mout.140657	1659.0	1510.0	0.910186859554
F22Indr.140640	1660.0	1545.0	0.930722891566
F22Hair.140512	1664.0	1605.0	0.964543269231
M32Nose.140531	1665.0	1630.0	0.978978978979
M53Nost.140611	1665.0	1599.0	0.96036036036
M14Fcsw.140443	1665.0	1443.0	0.866666666667
F14Tong.140430	1670.0	1556.0	0.931736526946
M22Aptr.140827	1670.0	1572.0	0.941317365269
M22Ewxr.140787	1674.0	1597.0	0.954002389486
M33Fcsw.140557	1679.0	1501.0	0.893984514592
M41Knel.140855	1685.0	1483.0	0.880118694362
F12Fotl.140294	1686.0	1310.0	0.776986951364
M31Aptl.140756	1689.0	1664.0	0.985198342214
M31Hair.140713	1694.0	1648.0	0.972845336482
M64Fcsw.140360	1694.0	1537.0	0.907319952774
M33Tong.140346	1708.0	1563.0	0.915105386417
M21Fcsw.140493	1708.0	1555.0	0.910421545667
M43Tong.140396	1717.0	1585.0	0.923121723937
F32Plml.140737	1719.0	1564.0	0.909831297266
F22Ewxr.140747	1721.0	1603.0	0.931435212086
F21Labi.140606	1721.0	1674.0	0.972690296339
F32Nstl.140804	1724.0	1564.0	0.907192575406
F12Mout.140450	1725.0	1525.0	0.884057971014
M41Kner.140735	1725.0	1517.0	0.879420289855
M14Plml.140544	1729.0	1588.0	0.918449971082
F32Mout.140603	1733.0	1430.0	0.825158684362
F12Navl.140828	1736.0	1305.0	0.751728110599
M22Fcsp.140527	1736.0	1595.0	0.918778801843
M31Plmr.140505	1737.0	1631.0	0.938975244675
M31Ewxr.140754	1746.0	1712.0	0.980526918671
M21Frhd.140641	1747.0	1632.0	0.934172867773
M23Frhd.140404	1747.0	1711.0	0.979393245564
F31Urin.140602	1748.0	1694.0	0.969107551487
M21Forl.140771	1751.0	1603.0	0.91547687036
M21Glns.140311	1763.0	1505.0	0.853658536585
F33Fcsw.140662	1769.0	1633.0	0.92312040701
M22Tong.140364	1769.0	1533.0	0.866591294517
M31Aptr.140474	1771.0	1727.0	0.975155279503
F24Fcsw.140765	1772.0	1559.0	0.879796839729
M22Pinl.140526	1776.0	1686.0	0.949324324324
F12Pinl.140479	1780.0	1715.0	0.963483146067
M22Fotr.140381	1781.0	1477.0	0.829309376755
M13Fcsw.140390	1786.0	1597.0	0.894176931691
M41Plml.140691	1789.0	1649.0	0.921743991056
F14Fcsw.140752	1798.0	1582.0	0.879866518354
F21Nose.140573	1801.0	1760.0	0.977234869517
M42Knel.140699	1802.0	1661.0	0.921753607103
M31Frhd.140336	1802.0	1770.0	0.982241953385
F22Plml.140347	1807.0	1712.0	0.947426674045
F23Frhd.140622	1816.0	1796.0	0.988986784141
F24Tong.140829	1825.0	1652.0	0.905205479452
M23Fcsw.140821	1825.0	1626.0	0.89095890411
F21Fotl.140348	1828.0	1789.0	0.978665207877
M41Aptr.140772	1828.0	1559.0	0.85284463895
F22Pinr.140355	1839.0	1804.0	0.980967917346
M41Aptl.140841	1840.0	1632.0	0.886956521739
M32Indl.140814	1846.0	1705.0	0.923618634886
M44Fcsw.140418	1847.0	1628.0	0.881429344884
M43Ewax.140650	1855.0	1769.0	0.953638814016
F22Urin.140306	1863.0	1809.0	0.971014492754
F31Plmr.140385	1864.0	1719.0	0.922210300429
F21Aptl.140686	1875.0	1782.0	0.9504
M42Fcsw.140447	1878.0	1631.0	0.868477103301
F32Urin.140725	1880.0	1834.0	0.975531914894
M42Ewxl.140553	1883.0	1699.0	0.902283590016
M21Ewxl.140436	1884.0	1740.0	0.923566878981
F34Tong.140848	1884.0	1774.0	0.94161358811
F21Ewxr.140299	1886.0	1755.0	0.930540827147
M31Tong.140808	1893.0	1711.0	0.903856312731
F32Tong.140410	1894.0	1652.0	0.872228088701
M21Pinl.140313	1898.0	1805.0	0.951001053741
F21Mout.140380	1902.0	1729.0	0.909043112513
M44Tong.140642	1906.0	1773.0	0.930220356768
F31Fcsw.140492	1908.0	1730.0	0.906708595388
F21Urin.140569	1914.0	1862.0	0.972831765935
M14Ewax.140489	1926.0	1862.0	0.966770508827
M21Nstl.140369	1927.0	1708.0	0.886351842242
M41Tong.140317	1929.0	1661.0	0.861067910835
M21Indr.140425	1948.0	1742.0	0.894250513347
M32Aptr.140847	1957.0	1924.0	0.983137455289
F31Forr.140586	1963.0	1785.0	0.909322465614
F21Frhd.140623	1963.0	1925.0	0.980641874682
F21Ewxl.140312	1966.0	1789.0	0.90996948118
M64Tong.140427	1969.0	1829.0	0.928897917725
F21Navl.140840	1970.0	1889.0	0.958883248731
F34Fcsw.140733	1977.0	1808.0	0.914516944866
F32Fcsw.140706	1981.0	1766.0	0.891468955073
M41Navl.140280	1992.0	1898.0	0.95281124498
M54Tong.140619	2004.0	1851.0	0.923652694611
F12Tong.140538	2012.0	1792.0	0.890656063618
F14Fotr.140665	2015.0	1898.0	0.941935483871
F12Urin.140382	2015.0	1947.0	0.966253101737
M42Frhd.140770	2022.0	1901.0	0.940158259149
M42Indr.140519	2025.0	1853.0	0.915061728395
M41Fcsw.140359	2029.0	1744.0	0.859536717595
M53Tong.140327	2034.0	1914.0	0.941002949853
F31Tong.140785	2048.0	1721.0	0.84033203125
M13Tong.140491	2052.0	1874.0	0.913255360624
F21Kner.140678	2053.0	1947.0	0.948368241598
F22Nose.140758	2058.0	2025.0	0.983965014577
F22Ewxl.140693	2066.0	1868.0	0.904162633107
M41Fotl.140801	2081.0	2002.0	0.96203748198
M21Ewxr.140654	2089.0	1979.0	0.947343226424
M41Fcsp.140643	2097.0	1810.0	0.863137815928
M21Indl.140576	2099.0	1879.0	0.89518818485
M21Fcsp.140319	2105.0	1920.0	0.912114014252
M32Tong.140309	2116.0	1873.0	0.885160680529
M21Plmr.140842	2129.0	1944.0	0.913104744011
M23Tong.140462	2130.0	2002.0	0.939906103286
M42Hair.140700	2143.0	2033.0	0.948670088661
M31Indl.140291	2144.0	2055.0	0.95848880597
M42Urin.140778	2160.0	2080.0	0.962962962963
M42Pinl.140354	2162.0	1974.0	0.913043478261
M42Indl.140869	2187.0	1981.0	0.90580704161
F32Fcsp.140464	2248.0	1985.0	0.883007117438
M31Indr.140588	2263.0	2163.0	0.955810870526
F31Fotl.140715	2268.0	1984.0	0.874779541446
F33Tong.140358	2275.0	2143.0	0.941978021978
F23Tong.140417	2284.0	2144.0	0.938704028021
M42Fotl.140742	2302.0	2224.0	0.966116420504
F32Nstr.140767	2335.0	2200.0	0.942184154176
F13Tong.140677	2340.0	2180.0	0.931623931624
F32Nose.140543	2393.0	2288.0	0.956122022566
F32Frhd.140444	2424.0	2299.0	0.948432343234
F31Labi.140819	2474.0	2331.0	0.94219886823
M21Plml.140352	2489.0	2215.0	0.889915628767
F22Tong.140837	2497.0	2141.0	0.857428914698
M21Tong.140323	2565.0	2240.0	0.873294346979
M42Mout.140653	2569.0	2173.0	0.845854418062
M14Tong.140420	2574.0	2411.0	0.936674436674
M41Ewxl.140482	2647.0	2398.0	0.905931242917
F32Indr.140459	2664.0	2535.0	0.951576576577
F22Mout.140788	2680.0	2367.0	0.883208955224
M41Ewxr.140794	2864.0	2608.0	0.91061452514
M21Fotl.140499	2919.0	2445.0	0.837615621788
M22Nose.140594	2969.0	2791.0	0.940047153924
M34Tong.140540	2974.0	2775.0	0.933086751849
M22Mout.140541	3053.0	2822.0	0.924336717982
M21Pinr.140516	3110.0	2935.0	0.943729903537
M21Mout.140501	5803.0	5110.0	0.880579010856
------------
Mean =  0.927598709189 percent of seqs made it into OTU table
SD =  0.0455966048025
