2014-08-14 15:21:30

------------

179 samples in ../split_library_log/Fierer_undergraduate_palms_split_library_log.txt
179 samples in ../otu_table_stats/Fierer_undergraduate_palms_otu_table_stats.txt

------------
sample	splitLibLog	otuTableStats	percent
S103.141251	3.0	3.0	1.0
S30.141285	7.0	7.0	1.0
NTC2.141221	10.0	10.0	1.0
S3.141318	13.0	13.0	1.0
NTC4.141314	14.0	14.0	1.0
NTC3.141324	21.0	20.0	0.952380952381
S77.141183	89.0	89.0	1.0
F44.141232	193.0	181.0	0.937823834197
F10.141305	240.0	223.0	0.929166666667
F40.141222	252.0	231.0	0.916666666667
M40.141268	260.0	252.0	0.969230769231
F22.141192	267.0	257.0	0.962546816479
F26.141204	278.0	271.0	0.974820143885
F42.141206	287.0	260.0	0.905923344948
M46.141278	291.0	279.0	0.958762886598
F34.141258	295.0	274.0	0.928813559322
M42.141226	299.0	286.0	0.95652173913
M44.141272	302.0	284.0	0.940397350993
F46.141165	314.0	286.0	0.910828025478
F30.141328	325.0	311.0	0.956923076923
NTC1.141329	344.0	294.0	0.854651162791
F20.141202	374.0	327.0	0.874331550802
F32.141203	381.0	348.0	0.913385826772
M36.141240	394.0	337.0	0.855329949239
M32.141256	398.0	365.0	0.917085427136
M34.141225	426.0	388.0	0.910798122066
M20.141303	440.0	420.0	0.954545454545
M12.141195	448.0	436.0	0.973214285714
F24.141175	467.0	440.0	0.942184154176
F36.141168	474.0	456.0	0.962025316456
M30.141266	486.0	449.0	0.923868312757
F12.141235	505.0	458.0	0.906930693069
F16.141290	529.0	489.0	0.92438563327
F14.141326	561.0	522.0	0.930481283422
M22.141223	587.0	565.0	0.962521294719
M16.141213	629.0	609.0	0.968203497615
M10.141280	639.0	601.0	0.940532081377
M24.141282	647.0	617.0	0.953632148377
M26.141172	648.0	586.0	0.904320987654
M14.141224	792.0	760.0	0.959595959596
S20.141297	970.0	886.0	0.913402061856
S70.141169	1313.0	1279.0	0.974105102818
S5.141170	2413.0	2336.0	0.968089515126
S161.141212	2519.0	2447.0	0.971417229059
S88.141296	2536.0	2397.0	0.945189274448
S78.141196	2538.0	2484.0	0.978723404255
S104.141153	2560.0	2465.0	0.962890625
S56.141230	2563.0	2459.0	0.959422551697
S113.141302	2572.0	2530.0	0.98367029549
S105.141148	2643.0	2401.0	0.908437381763
S57.141254	2658.0	2538.0	0.954853273138
S76.141295	2678.0	2602.0	0.971620612397
S108.141320	2704.0	2379.0	0.879807692308
S82.141309	2721.0	2626.0	0.965086365307
S34.141200	2745.0	2353.0	0.857194899818
S131.141234	2776.0	2708.0	0.975504322767
S53.141277	2784.0	2637.0	0.947198275862
S66.141193	2798.0	2681.0	0.958184417441
S157.141289	2806.0	2681.0	0.955452601568
S107.141220	2812.0	2582.0	0.918207681366
S69.141181	2819.0	2754.0	0.976942178077
S33.141188	2852.0	2598.0	0.910939691445
S1.141274	2856.0	2754.0	0.964285714286
S59.141263	2857.0	2772.0	0.970248512426
S43.141201	2859.0	2752.0	0.962574326688
S54.141262	2876.0	2737.0	0.951668984701
S29.141311	2885.0	2675.0	0.927209705373
S80.141219	2887.0	2797.0	0.968825770696
S100.141261	2894.0	2575.0	0.889771941949
S12.141315	2915.0	2804.0	0.96192109777
S67.141255	2916.0	2789.0	0.956447187929
S41.141304	2917.0	2693.0	0.92320877614
S61.141273	2920.0	2736.0	0.93698630137
S181.141159	2921.0	2844.0	0.97363916467
S170.141233	2928.0	2817.0	0.962090163934
S38.141321	2942.0	2868.0	0.974847042828
S11.141249	2945.0	2824.0	0.958913412564
S36.141298	2960.0	2839.0	0.959121621622
S93.141158	2960.0	2829.0	0.955743243243
S24.141150	2962.0	2873.0	0.969952734639
S164.141301	2966.0	2846.0	0.959541469993
S35.141265	2966.0	2869.0	0.967296021578
S98.141325	2986.0	2834.0	0.949095780308
S10.141259	2987.0	2874.0	0.962169400737
S51.141267	2997.0	2835.0	0.945945945946
S31.141291	3000.0	2924.0	0.974666666667
S118.141247	3006.0	2913.0	0.969061876248
S17.141229	3007.0	2728.0	0.907216494845
S97.141156	3014.0	2900.0	0.962176509622
S147.141149	3017.0	2836.0	0.940006629102
S151.141178	3025.0	2902.0	0.959338842975
S178.141241	3032.0	2972.0	0.980211081794
S135.141164	3036.0	2955.0	0.973320158103
S81.141236	3060.0	2809.0	0.917973856209
S23.141209	3067.0	2975.0	0.970003260515
S4.141269	3069.0	2987.0	0.973281199088
S176.141167	3099.0	3014.0	0.972571797354
S92.141308	3099.0	3051.0	0.984511132623
S91.141157	3107.0	2923.0	0.940778886386
S39.141186	3111.0	3010.0	0.967534554806
S2.141197	3114.0	3000.0	0.963391136802
S87.141310	3116.0	2669.0	0.856546854942
S21.141162	3118.0	2925.0	0.938101347017
S114.141215	3123.0	3090.0	0.989433237272
S115.141160	3137.0	2823.0	0.89990436723
S6.141243	3139.0	3052.0	0.972284166932
S169.141316	3145.0	2995.0	0.952305246423
S48.141211	3153.0	2973.0	0.942911512845
S19.141239	3156.0	3040.0	0.963244613435
S60.141179	3156.0	3025.0	0.958491761724
S124.141190	3157.0	3051.0	0.966423820082
S62.141238	3164.0	3041.0	0.961125158028
S47.141287	3165.0	2998.0	0.947235387046
S121.141284	3169.0	2969.0	0.936888608394
S171.141307	3177.0	2989.0	0.940824677369
S146.141270	3177.0	3021.0	0.95089707271
S172.141184	3184.0	2927.0	0.919283919598
S154.141182	3185.0	2469.0	0.775196232339
S55.141275	3191.0	3086.0	0.96709495456
S162.141198	3205.0	3094.0	0.965366614665
S85.141253	3226.0	3096.0	0.959702417855
S119.141189	3229.0	2938.0	0.909879219573
S122.141299	3236.0	3089.0	0.95457354759
S49.141271	3250.0	2507.0	0.771384615385
S28.141283	3261.0	3068.0	0.940815700705
S184.141322	3270.0	3154.0	0.964525993884
S168.141217	3271.0	3160.0	0.966065423418
S137.141252	3282.0	3087.0	0.940585009141
S159.141257	3283.0	3115.0	0.948827292111
S133.141205	3288.0	2993.0	0.910279805353
S130.141293	3294.0	3131.0	0.95051608986
S111.141161	3304.0	3111.0	0.941585956416
S167.141187	3317.0	3205.0	0.966234549292
S16.141323	3330.0	3123.0	0.937837837838
S65.141231	3338.0	3222.0	0.965248651887
S86.141173	3342.0	3213.0	0.961400359066
S40.141244	3368.0	3275.0	0.972387173397
S26.141152	3425.0	3333.0	0.973138686131
S71.141260	3432.0	3283.0	0.956585081585
S110.141317	3461.0	3382.0	0.977174227102
S186.141207	3506.0	3389.0	0.966628636623
S145.141180	3507.0	3351.0	0.955517536356
S89.141281	3528.0	3340.0	0.946712018141
S183.141276	3528.0	3401.0	0.964002267574
S79.141227	3536.0	3438.0	0.972285067873
S134.141292	3538.0	3431.0	0.969756924816
S144.141300	3540.0	3365.0	0.950564971751
S109.141286	3568.0	3438.0	0.963565022422
S75.141264	3568.0	3438.0	0.963565022422
S25.141294	3577.0	3450.0	0.964495387196
S106.141176	3583.0	3446.0	0.961763885013
S123.141163	3586.0	3435.0	0.95789180145
S132.141151	3586.0	3328.0	0.92805354155
S32.141191	3587.0	3471.0	0.967660998049
S187.141319	3600.0	2913.0	0.809166666667
S73.141288	3610.0	3429.0	0.949861495845
S63.141174	3624.0	3530.0	0.974061810155
S138.141208	3634.0	3365.0	0.925976884975
S160.141312	3639.0	3460.0	0.95081066227
S163.141154	3650.0	3561.0	0.975616438356
S185.141306	3661.0	3507.0	0.95793499044
S112.141210	3666.0	3415.0	0.931533006001
S22.141245	3672.0	3403.0	0.92674291939
S165.141155	3751.0	3627.0	0.96694214876
S158.141279	3827.0	3623.0	0.946694538803
S45.141166	3833.0	3719.0	0.970258283329
S120.141199	3884.0	3464.0	0.891864057673
S7.141171	3893.0	3624.0	0.930901618289
S177.141327	3902.0	3822.0	0.979497693491
S117.141246	4055.0	3906.0	0.963255240444
S190.141237	4140.0	4030.0	0.973429951691
S180.141177	4160.0	3945.0	0.948317307692
S182.141250	4217.0	4054.0	0.961346929097
S166.141214	4263.0	4121.0	0.966690124326
S74.141313	4325.0	4230.0	0.978034682081
S129.141216	4361.0	3932.0	0.901628066957
S189.141185	4937.0	4804.0	0.973060563095
S148.141242	5383.0	5178.0	0.961917146573
S44.141194	5820.0	5614.0	0.964604810997
------------
Mean =  0.947830363915 percent of seqs made it into OTU table
SD =  0.0350266489346
