2014-08-14 15:21:35

------------

1069 samples in ../split_library_log/Song_2012_family_study_study_797_split_library_log.txt
1069 samples in ../otu_table_stats/Song_2012_family_study_otu_table_stats.txt

------------
sample	splitLibLog	otuTableStats	percent
36.HB.LeftPalm.374623	1.0	1.0	1.0
06.HB.RightPalm.374904	1.0	1.0	1.0
44.HD.LeftPalm.374615	5.0	3.0	0.6
40.HB.LeftPalm.374622	14.0	11.0	0.785714285714
71.HB.LeftPalm.375179	22.0	1.0	0.0454545454545
46.CB.FrontLeftPaw.374515	57.0	42.0	0.736842105263
14.HA.LeftPalm.374887	179.0	126.0	0.703910614525
1239.RightPalm.374643	189.0	155.0	0.820105820106
1239.LeftPalm.374382	210.0	22.0	0.104761904762
35.HB.RightPalm.375294	255.0	250.0	0.980392156863
50.CA.FrontLeftPaw.374795	286.0	127.0	0.444055944056
26.CA.Forehead.374830	303.0	72.0	0.237623762376
03.CA.FrontLeftPaw.374637	364.0	75.0	0.206043956044
1075.RightPalm.374550	417.0	4.0	0.00959232613909
69.HA.Stool.374826	517.0	495.0	0.957446808511
12.HD.LeftPalm.374355	574.0	110.0	0.191637630662
18.CC.BackRightPaw.374540	665.0	384.0	0.577443609023
59.HC.LeftPalm.374599	725.0	389.0	0.536551724138
1282.LeftPalm.375365	727.0	131.0	0.180192572215
64.HA.LeftPalm.374756	760.0	240.0	0.315789473684
18.CA.BackRightPaw.375002	789.0	617.0	0.782002534854
07.HB.LeftPalm.374401	793.0	576.0	0.726355611602
49.HA.Forehead.375062	810.0	522.0	0.644444444444
71.CB.Forehead.374519	825.0	706.0	0.855757575758
1282.RightPalm.375106	874.0	578.0	0.661327231121
1318.Forehead.375364	893.0	506.0	0.566629339306
50.HB.RightPalm.374751	1018.0	854.0	0.838899803536
06.CA.Forehead.374639	1042.0	902.0	0.865642994242
23.HB.LeftPalm.374889	1109.0	1017.0	0.917042380523
59.HA.Forehead.374802	1200.0	107.0	0.0891666666667
45.HA.Forehead.375267	1274.0	726.0	0.569858712716
18.CB.BackRightPaw.374822	1281.0	546.0	0.426229508197
18.HA.RightPalm.374510	1323.0	51.0	0.0385487528345
71.CB.BackLeftPaw.374847	1333.0	549.0	0.411852963241
61.HA.Forehead.374621	1401.0	1213.0	0.865810135617
42.HC.LeftPalm.374586	1418.0	1333.0	0.940056417489
44.HD.Forehead.374931	1533.0	482.0	0.31441617743
49.HA.LeftPalm.374836	1569.0	1450.0	0.924155513066
62.HA.LeftPalm.375268	1640.0	157.0	0.0957317073171
18.CB.BackLeftPaw.374893	1697.0	1176.0	0.692987625221
07.CB.FrontLeftPaw.374554	1707.0	666.0	0.390158172232
1265.RightPalm.375145	1736.0	1345.0	0.774769585253
18.CA.Forehead.374608	1755.0	1164.0	0.663247863248
52.HB.LeftPalm.374451	1758.0	322.0	0.183162684869
49.CA.FrontLeftPaw.374667	1759.0	656.0	0.372939169983
13.HA.RightPalm.375047	1853.0	1382.0	0.745817593092
71.CB.BackRightPaw.375167	1962.0	1649.0	0.840468909276
18.HA.LeftPalm.375019	2014.0	910.0	0.45183714002
764.Tongue.375042	2060.0	2002.0	0.971844660194
26.CA.FrontLeftPaw.374905	2066.0	244.0	0.118102613746
35.HD.Stool.375113	2084.0	1752.0	0.840690978887
62.HC.Tongue.374937	2123.0	2065.0	0.972680169571
17.HB.LeftPalm.374422	2190.0	2028.0	0.92602739726
57.CA.Forehead.375185	2292.0	1811.0	0.790139616056
27.CA.BackLeftPaw.375083	2325.0	231.0	0.0993548387097
05.HA.LeftPalm.374913	2358.0	243.0	0.103053435115
17.CA.FrontLeftPaw.374773	2427.0	1698.0	0.699629171817
07.CB.BackRightPaw.374499	2501.0	2087.0	0.834466213515
52.HA.LeftPalm.374562	2527.0	48.0	0.01899485556
02.HB.LeftPalm.374956	2658.0	1592.0	0.598946576373
03.HA.LeftPalm.375282	2664.0	1185.0	0.44481981982
49.HB.Forehead.375109	2682.0	2312.0	0.862043251305
18.CC.Forehead.375312	2708.0	2326.0	0.85893648449
36.HB.Forehead.375006	2709.0	2656.0	0.980435585087
17.HB.RightPalm.374708	2756.0	1758.0	0.637880986938
53.CA.BackLeftPaw.375266	2770.0	1699.0	0.613357400722
05.HC.RightPalm.375272	2825.0	236.0	0.0835398230088
59.HD.LeftPalm.375214	2845.0	1415.0	0.497363796134
46.HB.RightPalm.374831	2867.0	2672.0	0.931984652947
05.HC.LeftPalm.374736	2879.0	371.0	0.128864188954
41.HE.LeftPalm.375308	2926.0	2070.0	0.707450444293
48.HB.LeftPalm.374737	2945.0	2418.0	0.821052631579
1286.Forehead.374358	2980.0	2866.0	0.961744966443
17.CB.BackLeftPaw.374453	3014.0	2895.0	0.960517584605
764.Forehead.374995	3083.0	2937.0	0.95264352903
30.CA.FrontLeftPaw.375182	3125.0	2559.0	0.81888
30.HB.LeftPalm.374694	3131.0	2428.0	0.775471095497
1318.LeftPalm.375196	3194.0	2979.0	0.932686286788
52.HA.Forehead.374352	3226.0	1821.0	0.564476131432
1075.LeftPalm.375285	3229.0	1942.0	0.601424589656
23.HA.LeftPalm.375261	3233.0	2845.0	0.87998762759
1318.RightPalm.374415	3278.0	2863.0	0.873398413667
17.CB.FrontLeftPaw.374627	3334.0	2656.0	0.796640671866
03.CA.BackRightPaw.374424	3371.0	2750.0	0.815781667161
59.HA.LeftPalm.374790	3380.0	2401.0	0.710355029586
50.HB.Stool.374517	3426.0	3218.0	0.939287799183
373.RightPalm.374671	3427.0	3292.0	0.96060694485
18.CB.FrontLeftPaw.374527	3439.0	533.0	0.154986914801
02.HC.LeftPalm.374919	3443.0	2410.0	0.699970955562
390.RightPalm.374613	3450.0	3203.0	0.928405797101
13.HA.LeftPalm.375045	3473.0	2046.0	0.589116038007
18.HA.Forehead.374564	3491.0	3454.0	0.989401317674
390.LeftPalm.375334	3496.0	3224.0	0.922196796339
1204.RightPalm.375353	3516.0	3365.0	0.957053469852
1402.LeftPalm.374610	3521.0	3382.0	0.960522578813
71.HA.LeftPalm.374525	3527.0	3114.0	0.882903317267
07.HA.RightPalm.374516	3569.0	2401.0	0.672737461474
12.HC.RightPalm.375134	3572.0	2350.0	0.657894736842
63.HD.Forehead.374490	3599.0	2455.0	0.682133926091
1282.Forehead.374658	3608.0	2980.0	0.825942350333
12.HA.LeftPalm.374717	3625.0	2565.0	0.707586206897
46.HA.Forehead.375412	3661.0	1426.0	0.389511062551
17.HA.Forehead.374376	3681.0	3559.0	0.966856832383
1406.RightPalm.375100	3720.0	3548.0	0.95376344086
1148.RightPalm.374763	3742.0	3572.0	0.954569748797
49.CA.Stool.374725	3761.0	3412.0	0.907205530444
49.CB.Forehead.374494	3779.0	2897.0	0.766604921937
38.HB.RightPalm.375156	3795.0	3758.0	0.990250329381
62.HE.Forehead.374911	3840.0	2141.0	0.557552083333
19.HB.RightPalm.374844	3841.0	3270.0	0.851340796668
24.HB.RightPalm.374716	3869.0	1989.0	0.514086327216
48.CA.Tongue.375215	3876.0	3314.0	0.855005159959
27.CA.BackRightPaw.374872	3884.0	3316.0	0.853759011329
1249.Forehead.374955	3884.0	3485.0	0.897270854789
1053.Stool.374949	3900.0	3556.0	0.911794871795
1402.Stool.374651	3954.0	3713.0	0.939049064239
12.HD.RightPalm.374545	3974.0	2649.0	0.666582788123
52.CB.Tongue.374855	3998.0	3130.0	0.782891445723
51.HB.LeftPalm.374649	4070.0	3411.0	0.838083538084
27.CA.FrontLeftPaw.374758	4080.0	3052.0	0.748039215686
1253.Forehead.375115	4102.0	3879.0	0.945636274988
43.HC.RightPalm.375274	4123.0	4014.0	0.973562939607
71.CA.FrontLeftPaw.374926	4155.0	3304.0	0.795186522262
05.HB.LeftPalm.374874	4163.0	3282.0	0.788373768917
62.CA.BackLeftPaw.374683	4183.0	3138.0	0.750179297155
59.HB.LeftPalm.375350	4187.0	2704.0	0.645808454741
71.CB.FrontLeftPaw.375225	4305.0	1494.0	0.347038327526
53.HA.LeftPalm.375211	4311.0	3008.0	0.697749942009
56.CA.BackRightPaw.375201	4335.0	3513.0	0.810380622837
66.CA.BackRightPaw.375265	4340.0	3153.0	0.726497695853
764.RightPalm.374616	4348.0	4122.0	0.948022079117
49.CB.BackLeftPaw.374998	4380.0	2739.0	0.625342465753
1265.Forehead.374877	4466.0	3858.0	0.863860277653
29.HC.LeftPalm.374409	4496.0	3435.0	0.764012455516
12.HC.Stool.374498	4603.0	4027.0	0.874864218988
37.HB.Forehead.374909	4824.0	4729.0	0.980306799337
38.HB.Stool.375133	4881.0	4536.0	0.929317762754
48.HA.Forehead.374757	4891.0	4581.0	0.936618278471
17.CA.Forehead.374806	4909.0	4224.0	0.860460378896
06.CB.Tongue.374852	4945.0	4379.0	0.885540950455
1253.RightPalm.375125	4952.0	4724.0	0.953957996769
27.CA.Stool.374634	4963.0	4467.0	0.90006044731
62.HB.LeftPalm.375128	4992.0	4142.0	0.829727564103
41.HD.RightPalm.375235	5010.0	4812.0	0.960479041916
62.HC.Forehead.374591	5023.0	4296.0	0.855265777424
373.Stool.374884	5083.0	4748.0	0.934094038953
26.HC.LeftPalm.374570	5090.0	4473.0	0.878781925344
42.HC.Forehead.375012	5094.0	5045.0	0.990380840204
1286.LeftPalm.375286	5126.0	4949.0	0.965470152165
1249.Tongue.374785	5220.0	5065.0	0.97030651341
17.CA.BackLeftPaw.375361	5284.0	4356.0	0.824375473126
12.HD.Forehead.375107	5292.0	5186.0	0.979969765684
48.HA.Stool.375301	5389.0	4883.0	0.906105028762
53.CB.FrontLeftPaw.374548	5396.0	4541.0	0.841549295775
31.CA.BackLeftPaw.375142	5476.0	2027.0	0.370160701242
54.HB.RightPalm.374922	5476.0	5243.0	0.957450693937
17.CA.BackRightPaw.374807	5549.0	4168.0	0.751126329068
02.HC.RightPalm.375183	5559.0	992.0	0.178449361396
48.CA.BackRightPaw.374816	5587.0	4632.0	0.829067478074
41.HB.Stool.374652	5587.0	5028.0	0.89994630392
02.HA.Forehead.375338	5606.0	5514.0	0.983589011773
1023.Forehead.375213	5612.0	5560.0	0.990734141126
14.HB.Forehead.374386	5644.0	5557.0	0.984585400425
48.CA.BackLeftPaw.374753	5658.0	4260.0	0.752916224814
43.HA.LeftPalm.375394	5669.0	4353.0	0.767860292821
50.CB.BackLeftPaw.375379	5676.0	3695.0	0.650986610289
66.HC.LeftPalm.375395	5695.0	5128.0	0.900438981563
02.HA.RightPalm.374456	5768.0	1667.0	0.289008321775
13.HA.Stool.374834	5785.0	5412.0	0.935522904062
1402.RightPalm.374900	5797.0	5601.0	0.966189408315
61.HB.LeftPalm.374647	5946.0	4497.0	0.756306760848
20.HA.LeftPalm.375384	5951.0	5706.0	0.958830448664
1204.LeftPalm.374860	5982.0	5709.0	0.954363089268
07.HA.LeftPalm.375331	6001.0	3731.0	0.621729711715
26.CA.BackLeftPaw.375221	6014.0	5225.0	0.868806119056
20.HB.Forehead.374930	6043.0	5687.0	0.941088863147
04.HB.Forehead.374486	6096.0	5371.0	0.881069553806
24.HB.LeftPalm.374837	6122.0	1974.0	0.322443645867
49.HB.Tongue.374379	6159.0	5964.0	0.968339016074
66.CA.Tongue.375074	6217.0	4658.0	0.7492359659
56.CA.Stool.375271	6259.0	4795.0	0.766096820578
373.Forehead.375281	6260.0	6057.0	0.967571884984
1075.Tongue.375121	6273.0	5889.0	0.938785270206
50.CA.Tongue.374734	6282.0	4797.0	0.763610315186
51.HB.Forehead.374772	6342.0	4538.0	0.715547146011
21.HA.Forehead.375397	6389.0	6347.0	0.993426201283
03.HA.Stool.374878	6435.0	5612.0	0.872105672106
53.HA.Forehead.375052	6451.0	5521.0	0.855836304449
19.CA.FrontLeftPaw.375169	6533.0	2439.0	0.373335374254
07.HB.Forehead.374418	6588.0	6432.0	0.976320582878
48.CA.FrontLeftPaw.375124	6591.0	5262.0	0.798361401912
44.HA.LeftPalm.374417	6638.0	5609.0	0.844983428744
61.HB.RightPalm.375232	6656.0	6566.0	0.986478365385
61.HB.Stool.374726	6695.0	6188.0	0.92427184466
71.CA.BackRightPaw.375278	6745.0	5878.0	0.871460340993
30.CA.Tongue.375355	6752.0	5766.0	0.853969194313
17.HA.LeftPalm.374824	6850.0	5995.0	0.875182481752
1053.RightPalm.374677	6858.0	5873.0	0.856372120152
07.HB.Stool.375413	6930.0	5767.0	0.832178932179
46.CA.Tongue.374466	6951.0	5459.0	0.785354625234
27.CA.Tongue.375166	6954.0	6362.0	0.914869140063
54.HD.LeftPalm.374605	6961.0	4746.0	0.681798592156
1406.Forehead.375176	6985.0	6385.0	0.914101646385
390.Forehead.375347	6997.0	6526.0	0.932685436616
05.HC.Forehead.374446	7000.0	6802.0	0.971714285714
53.CB.Tongue.374364	7049.0	2875.0	0.407859270819
44.HB.LeftPalm.375066	7105.0	6485.0	0.912737508797
20.HA.Stool.374776	7107.0	6386.0	0.898550724638
29.HB.RightPalm.374829	7167.0	6923.0	0.965955071857
1053.Forehead.374842	7169.0	6738.0	0.939880039057
1053.LeftPalm.374688	7271.0	6013.0	0.826983908678
51.HA.LeftPalm.375389	7280.0	6169.0	0.84739010989
53.CB.BackRightPaw.375326	7306.0	5998.0	0.820969066521
267.LeftPalm.374565	7360.0	7128.0	0.96847826087
1020.Tongue.374925	7382.0	6986.0	0.946356001084
46.CB.Forehead.374503	7386.0	5440.0	0.73652856756
06.CB.BackRightPaw.375089	7487.0	4876.0	0.651262187792
37.HB.LeftPalm.375206	7502.0	6423.0	0.85617168755
62.HC.LeftPalm.374859	7516.0	6893.0	0.917110164981
52.CA.Tongue.374875	7543.0	6337.0	0.840116664457
62.CA.FrontLeftPaw.375359	7543.0	5613.0	0.744133633833
14.HA.RightPalm.375140	7586.0	4319.0	0.56933825468
373.LeftPalm.374804	7635.0	7245.0	0.948919449902
25.HA.RightPalm.375222	7640.0	223.0	0.0291884816754
48.HB.Forehead.374890	7647.0	6773.0	0.885706813129
56.HC.RightPalm.375236	7651.0	7471.0	0.976473663573
50.HB.LeftPalm.374620	7683.0	6786.0	0.883248730964
12.HA.Forehead.375346	7690.0	7563.0	0.983485045514
1265.LeftPalm.374393	7692.0	6466.0	0.840613624545
07.CB.Forehead.374721	7699.0	6579.0	0.854526561891
57.HA.LeftPalm.374521	7715.0	5383.0	0.69773169151
59.HD.Tongue.375229	7767.0	7498.0	0.965366293292
06.CA.BackLeftPaw.374965	7783.0	5952.0	0.764743672106
20.HB.RightPalm.375226	7820.0	6619.0	0.84641943734
03.CA.BackLeftPaw.375305	7829.0	6315.0	0.806616426108
13.HB.RightPalm.374414	7864.0	7380.0	0.938453713123
31.CA.FrontLeftPaw.375025	7891.0	5140.0	0.651374984159
06.CB.BackLeftPaw.374530	7945.0	5057.0	0.63650094399
555.Tongue.375092	8057.0	7893.0	0.979645029167
50.HA.Tongue.374728	8059.0	7747.0	0.961285519295
43.HC.Stool.375098	8084.0	7511.0	0.929119247897
04.HA.LeftPalm.374684	8122.0	7612.0	0.937207584339
05.HA.Forehead.374851	8149.0	7910.0	0.970671248006
62.HB.Forehead.375242	8152.0	7758.0	0.951668302257
03.HB.Stool.375302	8179.0	7700.0	0.941435383299
41.HD.Stool.374740	8189.0	7584.0	0.926120405422
21.HC.RightPalm.375259	8197.0	7134.0	0.870318409174
1191.RightPalm.374368	8223.0	7863.0	0.956220357534
69.HB.LeftPalm.374412	8266.0	7511.0	0.90866198887
55.HC.LeftPalm.375270	8365.0	7740.0	0.9252839211
66.HC.Stool.374534	8517.0	7185.0	0.843606903839
04.HB.RightPalm.375165	8536.0	6668.0	0.781162136832
49.CB.Tongue.374532	8582.0	7732.0	0.900955488231
1225.Forehead.374526	8674.0	8565.0	0.987433709938
1249.RightPalm.374714	8676.0	7764.0	0.894882434302
63.HB.LeftPalm.375151	8678.0	6185.0	0.712721825305
06.HA.LeftPalm.374459	8737.0	8200.0	0.938537255351
54.HB.Stool.374766	8771.0	8109.0	0.924523999544
1023.RightPalm.374733	8771.0	8605.0	0.981073993843
07.CA.BackRightPaw.374856	8796.0	5934.0	0.674624829468
19.CA.BackLeftPaw.374524	8827.0	5984.0	0.677920018126
56.HC.Stool.374614	8878.0	8218.0	0.925658932192
1191.Forehead.375180	9061.0	8681.0	0.958062024059
53.CA.Forehead.374983	9069.0	6443.0	0.710442165619
21.HA.LeftPalm.374814	9121.0	8932.0	0.979278587874
07.HC.Tongue.374435	9122.0	8554.0	0.9377329533
21.HB.RightPalm.374799	9217.0	8592.0	0.932190517522
50.CA.Forehead.375070	9288.0	7615.0	0.819875107666
31.HB.Forehead.374410	9332.0	9168.0	0.982426060866
41.HB.LeftPalm.374356	9336.0	8166.0	0.874678663239
1191.Stool.374362	9393.0	8501.0	0.905035664857
1225.RightPalm.374853	9520.0	9091.0	0.95493697479
1253.LeftPalm.374981	9577.0	9038.0	0.943719327556
71.HC.LeftPalm.374600	9620.0	8379.0	0.870997920998
40.HB.Forehead.375090	9631.0	9494.0	0.985775101236
39.HA.LeftPalm.374470	9632.0	6391.0	0.66351744186
30.HB.Forehead.375388	9649.0	8963.0	0.928904549694
1106.RightPalm.374752	9681.0	8882.0	0.917467203801
267.Stool.374942	9759.0	9501.0	0.973562865048
49.CA.Tongue.375253	9768.0	8694.0	0.890049140049
50.CA.BackRightPaw.375298	9814.0	7234.0	0.737110250662
07.CB.Stool.375123	9830.0	8787.0	0.893896236012
13.HB.Forehead.374767	9848.0	9686.0	0.983549959383
1148.Forehead.375315	9872.0	9538.0	0.966166936791
14.HB.LeftPalm.374764	9954.0	9321.0	0.936407474382
49.HB.LeftPalm.374493	9957.0	9146.0	0.918549763985
1253.Stool.374691	9959.0	9510.0	0.954915152124
71.HC.RightPalm.375371	9975.0	9292.0	0.931528822055
1106.LeftPalm.374481	9996.0	8811.0	0.881452581032
35.HB.Stool.375335	10011.0	9345.0	0.933473179503
19.HA.LeftPalm.374744	10058.0	9593.0	0.95376814476
14.HA.Stool.374668	10073.0	9058.0	0.899235580264
66.HC.RightPalm.374347	10088.0	9514.0	0.943100713719
1148.LeftPalm.374954	10166.0	9195.0	0.904485540035
17.CB.BackRightPaw.375263	10166.0	8585.0	0.844481605351
44.HD.Stool.374582	10169.0	9490.0	0.933228439375
1239.Forehead.375126	10185.0	9477.0	0.930486008837
62.HB.Stool.374711	10190.0	8821.0	0.865652600589
06.CA.BackRightPaw.374672	10309.0	7220.0	0.700358909691
23.HB.RightPalm.374676	10328.0	8197.0	0.793667699458
14.HB.RightPalm.375230	10330.0	8590.0	0.83155856728
1286.RightPalm.375237	10378.0	10024.0	0.965889381384
61.HD.LeftPalm.374692	10388.0	7646.0	0.736041586446
71.HB.Tongue.374686	10442.0	10232.0	0.97988891017
22.HB.Stool.374915	10474.0	9780.0	0.933740691235
03.CA.Forehead.374857	10490.0	9862.0	0.940133460439
52.CB.BackRightPaw.375399	10543.0	7204.0	0.683296974296
50.HA.Forehead.374918	10547.0	6665.0	0.631933251161
29.HB.LeftPalm.375170	10595.0	8555.0	0.807456347334
29.HB.Stool.374997	10599.0	9785.0	0.923200301915
22.HC.RightPalm.375078	10636.0	8825.0	0.829729221512
12.HA.Tongue.375161	10696.0	10193.0	0.952973074046
03.HB.LeftPalm.375067	10725.0	8608.0	0.802610722611
05.HB.Forehead.374360	10747.0	10617.0	0.987903601005
49.HB.RightPalm.374962	10752.0	10125.0	0.941685267857
68.HA.RightPalm.375059	10781.0	10558.0	0.979315462388
1148.Tongue.374496	10784.0	10689.0	0.991190652819
17.CB.Forehead.375330	10799.0	9004.0	0.833780905639
27.CA.Forehead.375007	10829.0	9906.0	0.914765906363
1406.LeftPalm.375085	10903.0	9872.0	0.905438870036
1106.Forehead.375318	10914.0	10440.0	0.956569543705
23.HA.Stool.374429	10916.0	9955.0	0.91196408941
48.HC.Forehead.375376	10944.0	8386.0	0.766264619883
1106.Tongue.374885	10964.0	10243.0	0.934239328712
1225.LeftPalm.374387	11009.0	10612.0	0.963938595694
54.HA.Tongue.374967	11023.0	10602.0	0.961807130545
59.HB.RightPalm.374501	11063.0	10231.0	0.924794359577
55.HC.Stool.375096	11080.0	10495.0	0.947202166065
18.CB.Tongue.375049	11116.0	9043.0	0.813512054696
56.HC.LeftPalm.375219	11131.0	9781.0	0.878717096397
05.HA.RightPalm.375141	11149.0	9492.0	0.851376805095
29.HA.LeftPalm.374963	11150.0	9783.0	0.877399103139
03.CA.Tongue.374748	11158.0	8953.0	0.802383939774
56.CA.Forehead.375292	11169.0	9514.0	0.851822007342
18.CC.FrontLeftPaw.375168	11266.0	9452.0	0.838984555299
50.HA.RightPalm.375304	11294.0	9226.0	0.816893925978
56.HB.Tongue.374903	11315.0	10892.0	0.962615996465
06.HB.Stool.375003	11384.0	10330.0	0.907413914266
06.CA.Tongue.374506	11390.0	9825.0	0.862598770852
42.HA.LeftPalm.374719	11405.0	10472.0	0.91819377466
22.HC.Stool.375313	11407.0	10973.0	0.96195318664
371.LeftPalm.375402	11416.0	10845.0	0.949982480729
50.HB.Tongue.375160	11471.0	10987.0	0.957806642838
46.CA.BackLeftPaw.375023	11516.0	7141.0	0.620093782563
61.HC.LeftPalm.375393	11544.0	9159.0	0.793399168399
18.CA.FrontLeftPaw.375387	11556.0	9982.0	0.863793700242
61.HA.Tongue.375105	11592.0	10943.0	0.944013112491
64.HB.LeftPalm.374377	11624.0	10020.0	0.862009635237
18.HB.LeftPalm.374876	11635.0	10953.0	0.941383755909
19.HA.Stool.375283	11681.0	10854.0	0.929201267015
764.Stool.375087	11735.0	10989.0	0.936429484448
26.CA.BackRightPaw.375162	11757.0	9655.0	0.821212894446
66.CB.Forehead.375191	11811.0	11443.0	0.968842604352
1204.Forehead.375410	11832.0	11296.0	0.954699121028
59.HC.Stool.374522	11843.0	10730.0	0.906020434012
45.CA.Tongue.375130	11944.0	10317.0	0.863780977897
371.RightPalm.374509	12020.0	11540.0	0.96006655574
02.HA.LeftPalm.374539	12060.0	11703.0	0.97039800995
23.HA.Forehead.374718	12101.0	12025.0	0.993719527312
26.HC.Forehead.375363	12108.0	11875.0	0.980756524612
07.HA.Stool.374597	12134.0	11242.0	0.926487555629
59.HC.Tongue.374473	12214.0	11635.0	0.952595382348
53.HA.Tongue.374866	12246.0	11531.0	0.94161358811
06.HB.LeftPalm.374520	12250.0	11133.0	0.908816326531
06.CA.FrontLeftPaw.374673	12281.0	9731.0	0.79236218549
267.RightPalm.374346	12316.0	9273.0	0.752923026957
1191.LeftPalm.374883	12317.0	11779.0	0.956320532597
63.HD.Stool.374559	12328.0	11408.0	0.925373134328
18.CC.BackLeftPaw.375291	12331.0	11042.0	0.895466709918
24.HA.LeftPalm.375317	12343.0	11792.0	0.955359312971
64.CA.Forehead.375299	12375.0	10461.0	0.845333333333
66.CA.BackLeftPaw.374891	12393.0	10116.0	0.81626724764
54.HC.Stool.375403	12436.0	10851.0	0.872547442908
63.HA.RightPalm.375040	12468.0	12012.0	0.963426371511
59.HB.Forehead.374500	12469.0	11124.0	0.892132488572
46.HB.Stool.374680	12477.0	11332.0	0.908231145307
54.HB.Tongue.375343	12479.0	11308.0	0.906162352753
1286.Tongue.375157	12488.0	11816.0	0.946188340807
1020.Forehead.374774	12499.0	11253.0	0.900312024962
267.Forehead.374563	12601.0	12507.0	0.992540274581
71.HC.Stool.375192	12639.0	11784.0	0.932352243057
04.HA.Forehead.375212	12648.0	12496.0	0.98798228969
19.HB.Stool.375357	12713.0	11793.0	0.92763313144
71.HB.Stool.375103	12831.0	11809.0	0.920349154392
69.HA.RightPalm.374697	12832.0	12417.0	0.967658977556
06.HA.RightPalm.375043	12884.0	5041.0	0.391260478112
1191.Tongue.375155	12889.0	12392.0	0.961439987586
04.HA.Stool.374789	12909.0	12083.0	0.936013633899
59.HD.Stool.374781	13027.0	11689.0	0.897290243341
06.CB.FrontLeftPaw.374882	13035.0	9539.0	0.731799002685
57.HA.Stool.374348	13062.0	12156.0	0.930638493339
14.HB.Stool.374511	13122.0	11802.0	0.899405578418
62.CA.Forehead.375390	13126.0	10356.0	0.788968459546
50.CB.Tongue.374384	13190.0	10906.0	0.826838514026
56.HC.Tongue.374644	13210.0	12472.0	0.9441332324
54.HC.LeftPalm.374788	13221.0	10225.0	0.773390817639
63.HA.LeftPalm.375224	13233.0	11919.0	0.900702788483
18.CA.BackLeftPaw.375016	13337.0	8900.0	0.667316487966
1020.LeftPalm.374535	13370.0	8622.0	0.644876589379
02.HB.Forehead.374920	13394.0	13157.0	0.98230550993
13.HB.LeftPalm.374787	13404.0	12988.0	0.968964488212
48.HC.Tongue.375322	13446.0	12533.0	0.932098765432
24.HA.Forehead.374985	13452.0	13346.0	0.992120130836
49.CB.Stool.375300	13455.0	12863.0	0.956001486436
49.HC.Tongue.375036	13491.0	13263.0	0.983099844341
45.HB.Forehead.375135	13557.0	13148.0	0.969831083573
64.CB.Tongue.374471	13596.0	11115.0	0.817519858782
1249.LeftPalm.374571	13617.0	12164.0	0.893295145774
56.CA.FrontLeftPaw.375004	13625.0	12104.0	0.888366972477
555.RightPalm.375337	13674.0	13197.0	0.96511627907
61.HB.Tongue.375044	13687.0	12638.0	0.923357930883
17.CA.Tongue.374431	13689.0	11253.0	0.82204689897
71.CA.Tongue.374476	13798.0	11593.0	0.840194231048
46.CA.BackRightPaw.374957	13809.0	10738.0	0.777608805851
55.HC.Tongue.374505	13818.0	13185.0	0.954190186713
63.HD.LeftPalm.375035	13836.0	12669.0	0.91565481353
50.CB.FrontLeftPaw.375248	13842.0	10522.0	0.760150267302
555.Stool.374560	13892.0	13396.0	0.964295997697
66.HC.Forehead.374662	13991.0	12545.0	0.896647845043
373.Tongue.374371	14008.0	12468.0	0.890062821245
66.CB.FrontLeftPaw.374934	14013.0	11379.0	0.812031684864
07.CA.BackLeftPaw.374400	14051.0	11927.0	0.848836381752
19.CA.Tongue.374469	14103.0	10516.0	0.745656952421
56.HA.Tongue.374819	14135.0	13498.0	0.954934559604
62.CA.BackRightPaw.375181	14199.0	12060.0	0.849355588422
49.HA.RightPalm.374705	14288.0	12654.0	0.885638297872
66.HB.Tongue.375358	14306.0	13660.0	0.954844121348
64.CB.BackRightPaw.374472	14346.0	11006.0	0.767182489893
20.HA.Forehead.374782	14380.0	14275.0	0.992698191933
49.CA.Forehead.375377	14513.0	11934.0	0.822297250741
31.HA.Forehead.374974	14538.0	14302.0	0.983766680424
39.HB.LeftPalm.374584	14562.0	13087.0	0.898708968548
63.HA.Stool.374669	14587.0	11146.0	0.764105025022
1020.RightPalm.375081	14614.0	13118.0	0.897632407281
27.HA.Forehead.375200	14693.0	14413.0	0.980943306336
66.CB.BackRightPaw.374413	14706.0	11858.0	0.8063375493
69.HB.Tongue.374952	14723.0	13943.0	0.94702166678
23.HB.Forehead.374577	14727.0	14593.0	0.990901066069
31.HB.LeftPalm.374618	14747.0	13484.0	0.914355462128
02.HB.RightPalm.374455	14780.0	12299.0	0.832138024357
36.HA.Stool.375329	14879.0	13440.0	0.90328651119
43.HB.Tongue.375341	14949.0	14250.0	0.953241019466
64.HB.Stool.374865	14989.0	13363.0	0.891520448329
35.HC.LeftPalm.375205	15088.0	14248.0	0.944326617179
36.HB.RightPalm.374512	15130.0	14775.0	0.976536682089
38.HA.LeftPalm.375073	15147.0	12060.0	0.796197266786
371.Forehead.374595	15149.0	14622.0	0.965212225229
07.HC.Forehead.374389	15210.0	14783.0	0.971926364234
52.CA.Forehead.375227	15231.0	13070.0	0.858118311339
26.HA.LeftPalm.374704	15327.0	9437.0	0.615710837085
12.HC.LeftPalm.374507	15330.0	14644.0	0.955251141553
52.CA.FrontLeftPaw.374761	15472.0	13194.0	0.852766287487
59.HA.Stool.375356	15505.0	13757.0	0.887262173492
71.CB.Tongue.374792	15750.0	11727.0	0.744571428571
02.HD.Forehead.374747	15854.0	15577.0	0.982528068626
68.HC.Stool.374479	15892.0	11931.0	0.750755096904
05.HC.Tongue.375245	16232.0	14201.0	0.874876786594
66.CA.Forehead.374898	16305.0	15483.0	0.949586016559
30.CA.BackLeftPaw.374849	16324.0	10793.0	0.661173731928
17.CB.Tongue.375184	16357.0	13163.0	0.804731919056
1249.Stool.375174	16361.0	14042.0	0.858260497525
18.CA.Tongue.374979	16382.0	13246.0	0.808570382127
12.HA.RightPalm.375015	16388.0	13788.0	0.841347327313
53.CB.BackLeftPaw.374573	16402.0	12405.0	0.756310206072
1402.Forehead.375193	16425.0	16001.0	0.974185692542
1106.Stool.375295	16459.0	14463.0	0.878728962877
27.HB.Forehead.374657	16487.0	15998.0	0.97034026809
26.HB.Stool.375296	16625.0	15213.0	0.915067669173
555.Forehead.374870	16701.0	15920.0	0.953236333154
62.HE.Tongue.374817	16719.0	16180.0	0.967761229739
41.HE.Tongue.375398	16760.0	15637.0	0.93299522673
1053.Tongue.374544	16875.0	16377.0	0.970488888889
46.CB.BackRightPaw.375051	16897.0	11939.0	0.70657513168
17.HA.RightPalm.374354	16898.0	14675.0	0.868445969937
45.CA.BackRightPaw.375407	16922.0	11555.0	0.682838907931
22.HB.LeftPalm.374921	16948.0	15431.0	0.910490913382
26.CA.Stool.374932	16964.0	15985.0	0.94228955435
1148.Stool.375120	16971.0	15953.0	0.940015320252
57.CA.Stool.374587	17016.0	15278.0	0.897860836859
56.CA.Tongue.375203	17057.0	15278.0	0.895702644076
03.HB.RightPalm.374437	17155.0	15407.0	0.898105508598
12.HB.RightPalm.375207	17163.0	14889.0	0.867505680825
07.HC.RightPalm.374848	17183.0	15449.0	0.899086306233
05.HB.RightPalm.374980	17260.0	14964.0	0.86697566628
30.HB.Stool.374428	17279.0	16109.0	0.932287748134
20.HB.Stool.375137	17285.0	15319.0	0.8862597628
57.HB.LeftPalm.375118	17290.0	14771.0	0.854308849046
57.CA.Tongue.375146	17328.0	12115.0	0.699157433056
52.HB.RightPalm.374664	17380.0	15554.0	0.894936708861
07.CA.Stool.374533	17437.0	15778.0	0.904857486953
18.CB.Forehead.375095	17461.0	14998.0	0.858942786782
38.HB.Tongue.374593	17505.0	16559.0	0.945958297629
1075.Stool.375116	17515.0	16094.0	0.918869540394
41.HC.LeftPalm.375102	17567.0	15614.0	0.888825638982
46.CB.BackLeftPaw.375008	17602.0	11379.0	0.646460629474
13.HA.Forehead.374961	17639.0	17459.0	0.989795339872
13.HB.Stool.375064	17743.0	16863.0	0.950402975821
59.HA.RightPalm.374929	17753.0	17172.0	0.967273136935
66.CB.BackLeftPaw.374805	17775.0	15341.0	0.863066104079
51.HA.RightPalm.374592	17894.0	15979.0	0.892980887448
71.HC.Tongue.374452	17898.0	17518.0	0.978768577495
55.HA.Stool.375255	17901.0	15705.0	0.87732528909
55.HB.RightPalm.374991	18004.0	17489.0	0.971395245501
36.HA.LeftPalm.374908	18006.0	17279.0	0.959624569588
42.HC.Stool.374978	18049.0	13720.0	0.760152917059
48.HB.Stool.374483	18114.0	16678.0	0.920724301645
35.HC.RightPalm.374809	18124.0	17273.0	0.953045685279
68.HA.LeftPalm.374566	18205.0	15533.0	0.853227135402
46.HA.RightPalm.374528	18279.0	15208.0	0.831992997429
1239.Tongue.375401	18342.0	17539.0	0.956220695671
62.HA.Stool.374497	18381.0	16807.0	0.914368097492
53.HB.RightPalm.374646	18435.0	18098.0	0.981719555194
1225.Tongue.374731	18572.0	17447.0	0.939424940771
1253.Tongue.375297	18592.0	17541.0	0.943470309811
1282.Stool.375332	18614.0	18137.0	0.974374127001
12.HB.Tongue.375071	18725.0	18161.0	0.969879839786
71.HC.Forehead.374536	18734.0	17609.0	0.939948756272
40.HA.LeftPalm.374927	18741.0	16910.0	0.902299770557
55.HB.LeftPalm.374938	18779.0	13075.0	0.69625645668
35.HC.Stool.375325	18779.0	17407.0	0.926939666649
05.HA.Tongue.375233	18789.0	18031.0	0.959657246261
46.CB.Tongue.374602	18893.0	13568.0	0.718149579209
68.HB.RightPalm.374840	18934.0	17484.0	0.9234181895
29.HB.Tongue.375063	19035.0	17653.0	0.927396900447
62.HC.Stool.374800	19054.0	18011.0	0.945260837619
50.CA.BackLeftPaw.374555	19184.0	15462.0	0.805984153461
23.HB.Tongue.375256	19231.0	18663.0	0.970464354428
54.HB.LeftPalm.375378	19249.0	17808.0	0.925138968258
21.HB.LeftPalm.374436	19302.0	18265.0	0.94627499741
62.HD.Tongue.374947	19307.0	17941.0	0.929248459108
30.HA.LeftPalm.375321	19349.0	14553.0	0.752131893121
12.HA.Stool.375000	19370.0	18080.0	0.933402168301
57.CA.FrontLeftPaw.374794	19373.0	14860.0	0.767046920972
48.HA.LeftPalm.374588	19378.0	12736.0	0.657240169264
35.HC.Forehead.375243	19382.0	18748.0	0.967289237437
49.HC.Forehead.374933	19382.0	18779.0	0.968888659581
19.HB.LeftPalm.375289	19384.0	17622.0	0.909100288898
17.CB.Stool.375136	19520.0	17512.0	0.897131147541
29.HC.Forehead.374864	19525.0	18955.0	0.970806658131
371.Stool.374813	19555.0	17697.0	0.9049859371
18.CC.Tongue.374745	19555.0	18185.0	0.929941191511
30.CA.Forehead.375088	19592.0	14269.0	0.728307472438
59.HB.Stool.374674	19593.0	18212.0	0.929515643342
66.CB.Tongue.374894	19636.0	17753.0	0.904104705643
22.HA.Forehead.374732	19671.0	19384.0	0.985409994408
14.HA.Forehead.374442	19674.0	19201.0	0.975958117312
64.CA.BackLeftPaw.375143	19743.0	15049.0	0.762244846275
55.HA.RightPalm.374632	19955.0	17497.0	0.876822851416
12.HB.Stool.374924	19985.0	18799.0	0.940655491619
59.HC.RightPalm.374681	20026.0	19555.0	0.976480575252
66.HA.LeftPalm.375117	20060.0	19294.0	0.961814556331
23.HB.Stool.375405	20080.0	17115.0	0.85234063745
52.CB.BackLeftPaw.374551	20152.0	15359.0	0.762157602223
66.HB.Forehead.375020	20310.0	16387.0	0.806843919252
1225.Stool.374454	20423.0	17766.0	0.86990158155
53.HB.Forehead.374821	20447.0	19112.0	0.9347092483
44.HC.RightPalm.374964	20565.0	20214.0	0.982932166302
19.HA.RightPalm.374791	20637.0	19525.0	0.94611619906
44.HA.RightPalm.374846	20708.0	20252.0	0.977979524821
62.HE.Stool.374839	20729.0	17666.0	0.852235997877
22.HB.RightPalm.374581	20738.0	16794.0	0.809817725914
41.HC.Forehead.375001	20778.0	20250.0	0.974588507075
07.HA.Tongue.375339	20811.0	15636.0	0.751333429436
07.CB.Tongue.374631	20837.0	18146.0	0.870854729568
71.HA.Tongue.374421	20837.0	19488.0	0.935259394347
46.HA.LeftPalm.374843	20864.0	15546.0	0.745111196319
40.HB.Stool.375055	20883.0	19067.0	0.913039314275
1282.Tongue.375018	20972.0	20169.0	0.961710852565
59.HD.RightPalm.375038	21005.0	20530.0	0.977386336587
42.HD.LeftPalm.374438	21057.0	14262.0	0.677304459325
64.CB.FrontLeftPaw.374861	21083.0	16038.0	0.760707679173
03.HA.RightPalm.374374	21172.0	19517.0	0.921830719819
68.HC.Tongue.374897	21222.0	20465.0	0.964329469419
41.HD.Tongue.375323	21247.0	18868.0	0.888031251471
45.HB.LeftPalm.375309	21338.0	20712.0	0.970662667541
43.HB.LeftPalm.375241	21360.0	19581.0	0.916713483146
55.HB.Stool.374619	21373.0	20281.0	0.948907500117
50.CB.Forehead.374480	21376.0	16544.0	0.773952095808
04.HB.Tongue.375093	21430.0	20318.0	0.948110125992
07.HA.Forehead.374696	21479.0	20746.0	0.965873644024
12.HC.Tongue.374972	21523.0	20720.0	0.962691074664
49.HC.RightPalm.375279	21538.0	20645.0	0.958538397251
41.HE.Forehead.374445	21552.0	20899.0	0.969701187825
555.LeftPalm.374547	21652.0	19754.0	0.912340661371
61.HD.Forehead.375194	21693.0	18240.0	0.840824229014
52.CA.BackRightPaw.375022	21757.0	18159.0	0.834627935837
56.HB.RightPalm.375404	21773.0	20879.0	0.958939971524
20.HB.LeftPalm.374699	21779.0	15843.0	0.727443867946
55.HA.LeftPalm.374841	21799.0	20263.0	0.929538052204
40.HA.Tongue.374784	21829.0	21055.0	0.96454258097
49.CA.BackLeftPaw.374650	21833.0	18939.0	0.86744835799
02.HB.Tongue.374369	21873.0	20381.0	0.931788049193
44.HB.Forehead.374825	21893.0	21228.0	0.96962499429
22.HB.Forehead.374886	21978.0	21574.0	0.981617981618
35.HB.Forehead.374345	22082.0	21411.0	0.969613259669
53.CA.Tongue.374569	22124.0	17925.0	0.810206111011
63.HA.Tongue.375239	22153.0	21276.0	0.960411682391
18.HB.Forehead.374695	22257.0	21961.0	0.986700813227
45.HA.LeftPalm.374797	22334.0	16429.0	0.735604907316
57.CA.BackRightPaw.375260	22431.0	17547.0	0.782265614551
48.CA.Forehead.375352	22432.0	19894.0	0.886858059914
18.HB.RightPalm.375119	22435.0	19188.0	0.85527078226
62.HA.RightPalm.374808	22546.0	22009.0	0.976182027854
1023.LeftPalm.374786	22638.0	21830.0	0.964307801042
19.HB.Tongue.375108	22653.0	21273.0	0.939080916435
56.HA.RightPalm.374596	22702.0	22099.0	0.973438463571
30.HA.Stool.375027	22717.0	20517.0	0.903156226614
06.HA.Forehead.374405	22778.0	22602.0	0.992273246115
37.HA.Forehead.375079	22792.0	22697.0	0.995831870832
52.CB.Forehead.375021	22824.0	18939.0	0.829784437434
1020.Stool.374796	22854.0	21550.0	0.942942154546
1204.Stool.375104	22990.0	20787.0	0.904175728578
64.HB.Tongue.375005	22997.0	21445.0	0.93251293647
56.HB.LeftPalm.374661	23001.0	19537.0	0.849397852267
12.HD.Tongue.374729	23097.0	21927.0	0.949344070659
30.CA.BackRightPaw.374467	23122.0	17348.0	0.75028111755
43.HA.Tongue.375013	23131.0	19543.0	0.844883489689
40.HB.RightPalm.374815	23138.0	22599.0	0.976704987467
37.HA.LeftPalm.375011	23148.0	21763.0	0.940167617073
62.HE.LeftPalm.374990	23169.0	18823.0	0.812421770469
17.HA.Tongue.375122	23239.0	21998.0	0.946598390636
27.HB.LeftPalm.374380	23307.0	21601.0	0.926803106363
66.HA.Tongue.375336	23362.0	22157.0	0.948420511942
30.HA.Tongue.374598	23392.0	22124.0	0.945793433653
64.HB.Forehead.374775	23460.0	22647.0	0.965345268542
46.CA.Forehead.374366	23524.0	18617.0	0.79140452304
31.CA.BackRightPaw.374558	23625.0	17045.0	0.721481481481
68.HC.Forehead.374416	23691.0	21735.0	0.917437001393
23.HA.Tongue.375287	23802.0	22567.0	0.948113603899
68.HA.Stool.374504	23832.0	21332.0	0.895099026519
39.HA.Stool.374730	23842.0	20308.0	0.851774180018
44.HB.RightPalm.375097	23889.0	22837.0	0.955962995521
29.HD.Stool.374589	23915.0	22585.0	0.944386368388
42.HD.Forehead.374862	23922.0	23396.0	0.978011871917
04.HB.LeftPalm.374450	24007.0	15033.0	0.626192360562
05.HA.Stool.374441	24013.0	22914.0	0.954233123725
07.CA.FrontLeftPaw.375148	24029.0	19265.0	0.801739564693
31.CA.Stool.374666	24095.0	22316.0	0.926167254617
53.HA.RightPalm.374735	24133.0	22081.0	0.91497120126
1075.Forehead.375351	24157.0	18032.0	0.74645030426
69.HB.Stool.375310	24157.0	21398.0	0.885788798278
49.CB.FrontLeftPaw.374907	24224.0	21790.0	0.899521136063
02.HD.LeftPalm.374655	24393.0	19309.0	0.791579551511
63.HB.Stool.375314	24409.0	22339.0	0.91519521488
54.HC.RightPalm.375250	24451.0	23465.0	0.959674450943
38.HA.RightPalm.375231	24454.0	24258.0	0.991984951337
52.HA.RightPalm.374640	24483.0	23825.0	0.973124208635
21.HA.RightPalm.375039	24570.0	21130.0	0.859991859992
68.HB.Stool.375324	24577.0	21752.0	0.885055132848
02.HC.Tongue.375373	24602.0	23562.0	0.957727014064
43.HA.RightPalm.375076	24729.0	23956.0	0.968741154111
29.HC.RightPalm.374659	24907.0	24176.0	0.970650821054
03.CA.FrontRightPaw.375188	24931.0	21911.0	0.878865669247
37.HB.RightPalm.374754	24957.0	23713.0	0.950154265336
04.HB.Stool.374580	25094.0	24048.0	0.958316729099
62.HB.RightPalm.374935	25113.0	24350.0	0.96961732967
48.HC.RightPalm.374378	25134.0	24727.0	0.983806795576
48.HB.Tongue.374567	25152.0	24078.0	0.957299618321
18.HB.Stool.375381	25154.0	21978.0	0.873737775304
12.HB.LeftPalm.375348	25164.0	24802.0	0.985614369735
45.HA.Stool.375409	25169.0	23781.0	0.944852795105
36.HB.Stool.374411	25175.0	24215.0	0.96186693148
18.HA.Tongue.375152	25191.0	22890.0	0.908657853995
42.HA.Tongue.375275	25239.0	23492.0	0.930781726693
55.HC.Forehead.374682	25382.0	23847.0	0.939524072177
26.HC.Stool.374895	25487.0	23988.0	0.941185702515
49.HA.Stool.375273	25492.0	24141.0	0.947002981327
43.HA.Forehead.375264	25507.0	25123.0	0.984945309131
64.HA.RightPalm.374633	25835.0	24038.0	0.930443197213
30.HB.RightPalm.374579	25843.0	23578.0	0.912355376698
35.HD.LeftPalm.374395	25867.0	25158.0	0.9725905594
52.HA.Tongue.374777	25881.0	24344.0	0.94061280476
53.HB.Tongue.375197	25889.0	24239.0	0.936266367956
45.HB.Tongue.374810	26038.0	24389.0	0.936669483063
07.HC.Stool.374549	26065.0	24494.0	0.939727604067
64.CA.FrontLeftPaw.374638	26157.0	20298.0	0.776006422755
17.HB.Forehead.374375	26182.0	25746.0	0.983347337866
19.HA.Forehead.374420	26225.0	25704.0	0.980133460439
29.HB.Forehead.374820	26230.0	24989.0	0.952687762104
22.HC.Forehead.375195	26260.0	25399.0	0.96721249048
37.HA.Tongue.375077	26313.0	24566.0	0.933606962338
53.CA.BackRightPaw.374953	26444.0	22577.0	0.853766449856
1023.Stool.374491	26489.0	23085.0	0.871493827627
07.HB.RightPalm.375163	26521.0	22004.0	0.829682138683
41.HA.Forehead.374406	26554.0	25708.0	0.968140393161
61.HA.Stool.375391	26575.0	24983.0	0.940094073377
19.HB.Forehead.374426	26595.0	26206.0	0.985373190449
49.CA.BackRightPaw.375164	26632.0	23671.0	0.888817963352
12.HB.Forehead.375258	26768.0	26631.0	0.994881948595
06.HB.Forehead.374660	26884.0	26728.0	0.99419729207
45.CA.FrontLeftPaw.374624	27018.0	18780.0	0.695092160782
57.HA.RightPalm.374833	27119.0	25936.0	0.956377447546
44.HC.Tongue.374765	27169.0	24700.0	0.909124369686
54.HA.RightPalm.374738	27235.0	26432.0	0.970515880301
57.CA.BackLeftPaw.374514	27265.0	20565.0	0.754263708051
46.CB.Stool.374823	27304.0	24608.0	0.901259888661
29.HA.Forehead.375386	27424.0	26164.0	0.954054842474
56.HA.Stool.374948	27504.0	26033.0	0.946516870273
390.Tongue.375159	27589.0	26721.0	0.968538185509
44.HD.RightPalm.374398	27605.0	24375.0	0.882992211556
02.HA.Tongue.374648	27648.0	25983.0	0.939778645833
43.HB.Stool.374641	27763.0	25575.0	0.921190073119
62.HD.Forehead.374923	27966.0	26478.0	0.946792533791
64.HA.Stool.374636	27997.0	25828.0	0.922527413651
68.HA.Tongue.374458	28048.0	27352.0	0.975185396463
44.HA.Stool.375094	28079.0	25697.0	0.915167919085
13.HA.Tongue.375380	28119.0	27076.0	0.962907642519
56.HB.Forehead.374381	28208.0	26066.0	0.924064095292
1265.Tongue.374447	28215.0	26714.0	0.946801346801
06.HA.Tongue.374960	28254.0	25597.0	0.905960218022
63.HD.RightPalm.375037	28284.0	26868.0	0.949936359779
41.HC.Tongue.375065	28362.0	25742.0	0.907622875679
48.HB.RightPalm.374916	28532.0	27937.0	0.979146221786
44.HC.Stool.375382	28558.0	26849.0	0.940156873731
44.HB.Stool.374630	28563.0	26529.0	0.928788992753
66.HC.Tongue.375057	28655.0	27213.0	0.949677194207
50.HA.Stool.375368	28684.0	26036.0	0.907683726119
17.HA.Stool.374601	28694.0	27379.0	0.95417160382
61.HC.Tongue.374812	28694.0	27224.0	0.948769777654
29.HC.Stool.374394	28713.0	26198.0	0.912409013339
03.HA.Forehead.375366	28713.0	28501.0	0.992616584822
31.HB.RightPalm.374768	28794.0	27953.0	0.970792526221
62.HE.RightPalm.375415	28869.0	27932.0	0.967543039246
41.HC.Stool.374741	28978.0	26355.0	0.909483056112
59.HC.Forehead.375024	29050.0	28753.0	0.989776247849
27.HA.LeftPalm.374685	29165.0	25817.0	0.88520486885
03.CA.Stool.375234	29167.0	26761.0	0.917509514177
50.HB.Forehead.375360	29213.0	26491.0	0.906822305138
1204.Tongue.374778	29241.0	26559.0	0.908279470606
29.HD.LeftPalm.375220	29290.0	26725.0	0.912427449642
31.HA.Tongue.375362	29291.0	28157.0	0.961285036359
40.HA.Stool.375014	29325.0	27240.0	0.928900255754
35.HA.Tongue.375178	29376.0	26347.0	0.896888616558
24.HA.Stool.374432	29382.0	27568.0	0.938261520659
21.HB.Stool.374793	29437.0	28975.0	0.98430546591
50.HA.LeftPalm.375132	29437.0	26057.0	0.885178516833
46.CA.Stool.375349	29448.0	27020.0	0.917549578919
45.CA.BackLeftPaw.374478	29534.0	20864.0	0.706440035214
40.HB.Tongue.374675	29657.0	28503.0	0.961088444549
64.CA.Stool.374397	29744.0	26818.0	0.901627218935
61.HC.RightPalm.374628	29843.0	28800.0	0.965050430587
35.HA.Forehead.374828	29882.0	29106.0	0.974031189345
25.HB.Forehead.375149	29898.0	29717.0	0.99394608335
13.HB.Tongue.375101	29933.0	27577.0	0.921290882972
46.HA.Stool.375276	29940.0	26585.0	0.88794255177
61.HA.LeftPalm.375187	30078.0	23366.0	0.776846864818
371.Tongue.375269	30087.0	27922.0	0.9280420115
04.HA.Tongue.374653	30113.0	29045.0	0.964533590144
06.CA.Stool.374958	30164.0	27418.0	0.908964328338
25.HB.Stool.375033	30186.0	27610.0	0.91466242629
05.HC.Stool.375277	30239.0	28087.0	0.928833625451
43.HB.Forehead.375247	30287.0	30111.0	0.994188925942
25.HB.RightPalm.374388	30288.0	29655.0	0.979100633914
41.HE.RightPalm.374448	30400.0	26813.0	0.882006578947
25.HA.Stool.374590	30509.0	28818.0	0.944573732341
35.HA.RightPalm.375385	30518.0	30018.0	0.983616226489
48.HA.RightPalm.374723	30701.0	29556.0	0.962704797889
64.CB.Forehead.375138	30756.0	22917.0	0.745122902848
43.HC.Tongue.374971	30962.0	28813.0	0.930592338996
29.HA.RightPalm.375293	30989.0	29492.0	0.951692536061
29.HA.Tongue.375257	30995.0	29653.0	0.956702693983
54.HC.Forehead.374902	31017.0	28565.0	0.920946577683
12.HD.Stool.374477	31034.0	27998.0	0.902171811562
18.HA.Stool.374769	31043.0	29510.0	0.950616886255
56.HA.Forehead.375328	31091.0	29667.0	0.954198964331
71.CA.BackLeftPaw.375316	31125.0	20571.0	0.660915662651
61.HC.Stool.374603	31135.0	28593.0	0.918355548418
40.HA.RightPalm.374607	31281.0	30965.0	0.989898021163
48.HA.Tongue.375034	31351.0	29384.0	0.937258779624
42.HC.RightPalm.374508	31495.0	30617.0	0.972122559136
1023.Tongue.374976	31518.0	28825.0	0.914556761216
69.HB.Forehead.374392	31535.0	27839.0	0.882796892342
66.HB.LeftPalm.374654	31762.0	27681.0	0.871513128896
64.HB.RightPalm.374349	31770.0	28543.0	0.898426188228
45.HB.RightPalm.374606	31870.0	31139.0	0.977063068717
45.HA.RightPalm.375029	31916.0	30401.0	0.95253164557
35.HB.LeftPalm.375392	31981.0	30064.0	0.940058159532
62.CA.Tongue.374433	32090.0	28408.0	0.885260205672
46.HB.Forehead.374390	32119.0	25727.0	0.800990068184
764.LeftPalm.375175	32185.0	29114.0	0.904582880224
41.HC.RightPalm.374460	32394.0	31359.0	0.968049638822
59.HD.Forehead.374572	32454.0	31502.0	0.970666173661
43.HB.RightPalm.374670	32475.0	31937.0	0.983433410316
63.HC.Tongue.374798	32486.0	27200.0	0.837283753001
18.CC.Stool.375158	32607.0	29634.0	0.908823258809
41.HB.Forehead.374440	32614.0	30543.0	0.936499662722
57.HB.RightPalm.374899	32661.0	27329.0	0.836747190839
57.HB.Forehead.374742	32671.0	30774.0	0.94193627376
26.HA.Stool.375367	32716.0	30133.0	0.921047805355
42.HB.Stool.374502	32983.0	31308.0	0.949216262923
54.HA.Stool.375240	32984.0	27913.0	0.846258792142
62.HD.RightPalm.374529	33001.0	32123.0	0.973394745614
49.HA.Tongue.374611	33009.0	30950.0	0.937623072495
69.HB.RightPalm.374945	33139.0	32328.0	0.975527324301
29.HC.Tongue.374928	33408.0	29553.0	0.884608477011
24.HA.Tongue.374546	33427.0	30779.0	0.920782600891
07.HB.Tongue.374771	33532.0	26092.0	0.778122390552
31.HB.Tongue.374863	33566.0	31925.0	0.95111124352
53.HA.Stool.375154	33605.0	31895.0	0.949114715072
51.HB.Tongue.375344	33804.0	32338.0	0.956632351201
61.HA.RightPalm.375238	33910.0	31469.0	0.92801533471
45.HB.Stool.374461	33990.0	30082.0	0.885025007355
49.CB.BackRightPaw.374385	34000.0	30648.0	0.901411764706
30.HA.RightPalm.375340	34015.0	27229.0	0.800499779509
35.HD.RightPalm.374835	34072.0	33538.0	0.98432730688
54.HD.Forehead.374626	34094.0	29784.0	0.873584794979
55.HC.RightPalm.374888	34133.0	33028.0	0.967626636979
36.HA.RightPalm.374873	34318.0	33866.0	0.986829069293
51.HB.RightPalm.375080	34549.0	30215.0	0.874554979884
42.HA.Stool.374552	34595.0	32213.0	0.931146119381
46.CA.FrontLeftPaw.375110	34727.0	25267.0	0.727589483687
42.HD.Stool.375072	34858.0	32545.0	0.933645074301
21.HA.Stool.374880	34876.0	28959.0	0.830341782314
35.HA.Stool.374656	34904.0	30755.0	0.881131102452
71.HB.RightPalm.374999	35046.0	33824.0	0.965131541403
39.HB.Forehead.375345	35066.0	34436.0	0.982033878971
41.HB.RightPalm.374803	35177.0	34130.0	0.970236233903
62.HD.Stool.374759	35272.0	31985.0	0.906809934225
25.HB.LeftPalm.374940	35338.0	27955.0	0.79107476371
24.HB.Forehead.374854	35422.0	35207.0	0.993930325786
63.HC.Forehead.375112	35475.0	30534.0	0.860718816068
18.HB.Tongue.375252	35654.0	28955.0	0.812110843103
52.HB.Tongue.374845	35682.0	34439.0	0.965164508716
39.HA.RightPalm.374609	35719.0	35231.0	0.98633780341
390.Stool.375009	35733.0	32271.0	0.903114767862
22.HC.LeftPalm.375082	35824.0	33905.0	0.946432559178
35.HA.LeftPalm.374988	35846.0	34107.0	0.951486916253
41.HB.Tongue.374457	35967.0	33606.0	0.934356493452
66.HB.Stool.374484	36010.0	33046.0	0.917689530686
56.HA.LeftPalm.375172	36011.0	34725.0	0.964288689567
66.HB.RightPalm.374439	36023.0	34723.0	0.963911945146
63.HB.RightPalm.375144	36163.0	34721.0	0.96012498963
68.HB.Tongue.374351	36186.0	34939.0	0.965539158791
1318.Stool.374881	36411.0	35110.0	0.964269039576
39.HB.Stool.375075	36450.0	33348.0	0.914897119342
19.CA.BackRightPaw.374367	36501.0	29957.0	0.820717240624
45.CA.Forehead.375342	36503.0	29753.0	0.815083691751
52.CA.BackLeftPaw.374858	36527.0	30606.0	0.837900730966
39.HA.Tongue.375054	36781.0	33811.0	0.919251787608
02.HD.Tongue.374969	36823.0	34644.0	0.940825027836
1406.Stool.374372	36901.0	32806.0	0.889027397632
31.HA.LeftPalm.374419	37146.0	30942.0	0.832983362946
41.HD.Forehead.375327	37181.0	36962.0	0.994109894839
21.HA.Tongue.374892	37208.0	35640.0	0.957858525048
02.HC.Forehead.375061	37275.0	35913.0	0.963460764588
22.HA.LeftPalm.374710	37327.0	34975.0	0.936989310687
53.CA.Stool.374485	37452.0	33381.0	0.891300865107
40.HA.Forehead.374576	37577.0	37315.0	0.993027649892
45.CA.Stool.375216	37630.0	35773.0	0.950651076269
26.HA.RightPalm.375147	37865.0	36541.0	0.965033672257
37.HA.Stool.375177	37887.0	35244.0	0.930239923984
42.HA.RightPalm.375153	37972.0	37283.0	0.98185505109
66.HA.Forehead.374968	38042.0	35651.0	0.93714841491
56.CA.BackLeftPaw.374391	38051.0	33435.0	0.87868912775
52.HB.Stool.374746	38179.0	35821.0	0.938238298541
68.HB.LeftPalm.374541	38205.0	35467.0	0.928333987698
57.HB.Stool.374359	38266.0	34420.0	0.899493022527
63.HA.Forehead.374557	38317.0	26432.0	0.689824359945
19.HA.Tongue.375131	38412.0	35191.0	0.916145996043
29.HD.Forehead.375190	38450.0	37593.0	0.977711313394
24.HB.Stool.375307	38507.0	36779.0	0.9551250422
17.HB.Tongue.374724	38529.0	36374.0	0.944068104545
41.HE.Stool.374910	38786.0	35252.0	0.9088846491
42.HB.Tongue.374982	38853.0	34340.0	0.883844233393
07.CB.BackLeftPaw.374727	38869.0	30937.0	0.795929918444
22.HA.Tongue.375031	39047.0	35575.0	0.911081517146
35.HD.Forehead.374487	39101.0	38488.0	0.984322651595
42.HC.Tongue.375244	39108.0	36048.0	0.921755139613
1402.Tongue.374779	39113.0	37670.0	0.963106895406
06.CB.Forehead.374912	39187.0	30328.0	0.77393012989
27.HB.RightPalm.375280	39205.0	38366.0	0.97859966841
20.HA.Tongue.374689	39206.0	33890.0	0.864408508902
54.HD.Tongue.375408	39298.0	36707.0	0.934067891496
46.HA.Tongue.374403	39344.0	35727.0	0.908067303782
66.CA.FrontLeftPaw.375028	39353.0	32560.0	0.82738291871
30.HB.Tongue.374712	39368.0	36593.0	0.929511278195
52.CB.Stool.375306	39409.0	36280.0	0.920601892969
36.HA.Forehead.375032	39498.0	39122.0	0.99048053066
44.HD.Tongue.374449	39559.0	36671.0	0.926995121211
30.CA.Stool.374715	39628.0	36121.0	0.911501968305
27.HB.Tongue.375209	39637.0	35959.0	0.9072079118
71.CB.Stool.375086	39703.0	34683.0	0.873561191849
51.HB.Stool.374396	39865.0	36181.0	0.907588109871
64.CA.Tongue.374430	39866.0	35723.0	0.896076857473
21.HC.Forehead.374709	40099.0	39340.0	0.981071847178
42.HB.RightPalm.374780	40224.0	38995.0	0.96944610183
51.HA.Stool.374702	40228.0	36987.0	0.919434224918
38.HA.Tongue.375369	40345.0	37176.0	0.921452472425
29.HD.Tongue.375068	40406.0	37225.0	0.921274068208
49.HB.Stool.375372	40532.0	38018.0	0.937974933386
63.HC.Stool.375320	40536.0	36994.0	0.912620880205
62.HC.RightPalm.375069	40663.0	39101.0	0.96158670044
62.HA.Forehead.374468	40763.0	38758.0	0.950813237495
64.HA.Forehead.374625	40831.0	37101.0	0.908647841101
53.CA.FrontLeftPaw.374750	41066.0	36253.0	0.882798422052
66.HA.Stool.374959	41256.0	37400.0	0.906534807058
71.HB.Forehead.374518	41415.0	38386.0	0.926862247978
38.HA.Stool.374373	41645.0	35947.0	0.863176851963
267.Tongue.374404	41677.0	40546.0	0.972862730043
02.HD.Stool.374801	41766.0	39154.0	0.937461092755
38.HB.Forehead.374663	41902.0	41711.0	0.995441745024
31.HA.RightPalm.374838	41952.0	40531.0	0.966127955759
46.HB.LeftPalm.375217	42164.0	38080.0	0.903140119533
26.HC.RightPalm.374762	42265.0	40985.0	0.96971489412
39.HA.Forehead.375048	42372.0	42147.0	0.99468988955
21.HB.Forehead.374513	42427.0	41030.0	0.96707285455
52.HA.Stool.374749	42616.0	39562.0	0.92833677492
07.CA.Tongue.374583	42653.0	37767.0	0.885447682461
21.HB.Tongue.374492	42659.0	40835.0	0.957242316979
41.HD.LeftPalm.375056	42681.0	39570.0	0.927110423842
1286.Stool.374678	42684.0	37660.0	0.882297816512
22.HA.RightPalm.374542	42921.0	39563.0	0.92176323944
1239.Stool.374465	42960.0	40226.0	0.936359404097
31.HA.Stool.374707	42965.0	38753.0	0.901966717095
18.CA.Stool.374575	42999.0	40303.0	0.937300867462
19.CA.Forehead.375249	43095.0	32499.0	0.754124608423
49.HC.Stool.375303	43104.0	39678.0	0.920517817372
36.HB.Tongue.374720	43115.0	39959.0	0.926800417488
37.HB.Tongue.374989	43121.0	39674.0	0.920062150692
56.HB.Stool.374832	43134.0	39870.0	0.924328835721
50.CB.BackRightPaw.374743	43141.0	32205.0	0.746505644283
62.HA.Tongue.374370	43231.0	41383.0	0.957252897227
42.HA.Forehead.375354	43258.0	43010.0	0.994266956401
48.HC.Stool.375041	43334.0	41466.0	0.956892970877
54.HD.Stool.375254	43395.0	38819.0	0.894550063371
07.CA.Forehead.374770	43419.0	36753.0	0.846472742348
26.HB.LeftPalm.374482	43428.0	36922.0	0.850188818274
42.HD.RightPalm.375218	43436.0	42314.0	0.974168892163
61.HD.Stool.375127	43501.0	40585.0	0.932967058229
29.HA.Stool.374556	43523.0	40308.0	0.926131011189
71.CA.Stool.374629	43616.0	40874.0	0.937133162142
41.HA.Tongue.374690	43988.0	41153.0	0.93555060471
35.HC.Tongue.374977	44080.0	40604.0	0.921143375681
26.HA.Forehead.374951	44128.0	43166.0	0.978199782451
29.HD.RightPalm.374783	44678.0	42929.0	0.960853216348
27.HB.Stool.374996	44763.0	41462.0	0.926256059692
61.HD.Tongue.374604	44859.0	42563.0	0.948817405649
51.HA.Forehead.375319	45158.0	41981.0	0.92964701714
44.HA.Tongue.375030	45235.0	41450.0	0.916325853874
05.HB.Stool.375251	45395.0	42971.0	0.946602048684
36.HA.Tongue.374537	45423.0	43304.0	0.953349624639
50.CA.Stool.375414	45507.0	42483.0	0.933548684818
37.HB.Stool.375114	45594.0	41728.0	0.915208141422
14.HA.Tongue.374612	45748.0	43264.0	0.945702544374
66.CA.Stool.374879	45763.0	41719.0	0.911631667504
53.HB.LeftPalm.374474	45900.0	44085.0	0.96045751634
52.CB.FrontLeftPaw.374444	45986.0	38960.0	0.847214369591
52.HB.Forehead.374867	46048.0	45042.0	0.978153231411
51.HA.Tongue.374993	46118.0	44012.0	0.954334533154
14.HB.Tongue.374495	46177.0	43489.0	0.941789202417
12.HC.Forehead.375046	46203.0	45846.0	0.992273229011
46.HB.Tongue.374363	46213.0	42530.0	0.920303810616
35.HD.Tongue.374635	46291.0	44058.0	0.951761681536
44.HA.Forehead.375050	46366.0	45937.0	0.990747530518
24.HB.Tongue.374984	46614.0	43050.0	0.923542283434
59.HA.Tongue.375091	46764.0	44499.0	0.951565306646
54.HD.RightPalm.375246	46837.0	44972.0	0.960181053441
18.CB.Stool.375374	47147.0	42518.0	0.901817719049
22.HB.Tongue.374992	47232.0	28418.0	0.601668360434
17.HB.Stool.375010	47387.0	43869.0	0.925760229599
66.CB.Stool.374973	47467.0	41963.0	0.884045758106
02.HA.Stool.374811	47478.0	45535.0	0.959075782468
03.HB.Tongue.375370	47484.0	41879.0	0.881960239238
21.HC.Stool.375383	47662.0	43963.0	0.922391003315
06.HB.Tongue.374871	47969.0	42307.0	0.881965436011
27.HA.Tongue.375026	48322.0	44391.0	0.918649890319
56.HC.Forehead.374986	48336.0	47390.0	0.980428666005
17.CA.Stool.374543	48656.0	44126.0	0.90689740217
52.CA.Stool.374850	49077.0	44017.0	0.896896713328
27.HA.Stool.374488	49137.0	44101.0	0.89751104056
25.HA.LeftPalm.374687	49692.0	884.0	0.0177895838364
24.HA.RightPalm.374462	49808.0	47860.0	0.960889816897
49.HC.LeftPalm.375199	49886.0	48457.0	0.97135468869
35.HB.Tongue.374594	50126.0	46582.0	0.929298168615
44.HB.Tongue.374361	50191.0	45754.0	0.911597696798
61.HC.Forehead.375375	50540.0	48339.0	0.956450336367
57.HA.Tongue.375228	50666.0	46608.0	0.919906840879
41.HA.Stool.374538	50994.0	48402.0	0.949170490646
39.HB.RightPalm.374523	51173.0	49976.0	0.976608758525
26.CA.Tongue.374703	51443.0	35618.0	0.692377971736
39.HB.Tongue.375129	51653.0	48074.0	0.930710704122
62.HD.LeftPalm.375288	51968.0	44286.0	0.852178263547
43.HC.Forehead.375189	52155.0	49808.0	0.95499952066
06.HA.Stool.374423	52306.0	48346.0	0.92429166826
42.HB.Forehead.375017	52566.0	51401.0	0.977837385382
44.HC.LeftPalm.374531	53035.0	50612.0	0.954313189403
05.HB.Tongue.375139	53655.0	46902.0	0.874140341068
53.CB.Stool.375208	53812.0	49702.0	0.923622983721
04.HA.RightPalm.374357	54029.0	37576.0	0.695478354217
43.HA.Stool.374399	54178.0	51015.0	0.94161836908
41.HA.RightPalm.374701	54560.0	53128.0	0.973753665689
31.CA.Forehead.374917	54579.0	51484.0	0.94329320801
25.HA.Forehead.374827	54748.0	53976.0	0.985899028275
43.HC.LeftPalm.375333	54796.0	52415.0	0.956547923206
66.HA.RightPalm.374642	54899.0	53752.0	0.979107087561
07.HC.LeftPalm.375058	54941.0	49746.0	0.905444021769
55.HA.Tongue.374698	55072.0	50363.0	0.914493753632
42.HD.Tongue.374975	55078.0	51021.0	0.926340825738
54.HC.Tongue.374755	55337.0	51829.0	0.936606610405
48.CA.Stool.374994	55405.0	50707.0	0.915206208826
19.CA.Stool.375186	55751.0	50204.0	0.900504026834
71.HA.Stool.375099	56159.0	51197.0	0.91164372585
26.HB.Tongue.375204	56174.0	52282.0	0.930715277531
64.CB.Stool.374693	56584.0	50405.0	0.890799519299
26.HC.Tongue.374463	56890.0	51626.0	0.907470557216
68.HC.LeftPalm.374700	56944.0	55472.0	0.974150042147
1406.Tongue.374489	56948.0	54039.0	0.948918311442
71.HA.RightPalm.374869	57295.0	52132.0	0.909887424732
03.HB.Forehead.374665	57698.0	57410.0	0.995008492495
54.HA.LeftPalm.374760	57720.0	51897.0	0.899116424116
44.HC.Forehead.374706	57755.0	56991.0	0.986771708077
38.HA.Forehead.374464	58025.0	57568.0	0.992124084446
45.HA.Tongue.374970	58288.0	54258.0	0.930860554488
59.HB.Tongue.375400	58672.0	55891.0	0.952600899918
63.HD.Tongue.374574	59470.0	56130.0	0.943837228855
61.HD.RightPalm.374561	59570.0	57859.0	0.971277488669
63.HB.Forehead.375084	59815.0	55352.0	0.92538660871
53.HB.Stool.374475	59884.0	55070.0	0.919611248414
02.HD.RightPalm.374739	60075.0	55656.0	0.926441947566
50.CB.Stool.374966	60311.0	55693.0	0.923430220026
71.HA.Forehead.375198	60915.0	59871.0	0.982861364196
53.CB.Forehead.374901	61613.0	45760.0	0.742700404135
06.CB.Stool.374434	61629.0	52597.0	0.853445618134
64.CB.BackLeftPaw.374943	62012.0	46340.0	0.747274721022
02.HB.Stool.375396	62220.0	58810.0	0.945194471231
64.CA.BackRightPaw.375223	62549.0	47719.0	0.762905881789
26.HB.RightPalm.374353	62653.0	61183.0	0.976537436356
22.HC.Tongue.374578	62674.0	57951.0	0.924641797236
31.HB.Stool.374350	62735.0	58456.0	0.931792460349
63.HB.Tongue.374443	63017.0	59521.0	0.944522906517
25.HA.Tongue.374408	63354.0	57010.0	0.899864254822
57.HA.Forehead.375284	63657.0	39958.0	0.627707871876
63.HC.LeftPalm.374936	63931.0	55775.0	0.872424958158
02.HC.Stool.374906	65066.0	60750.0	0.933667353149
38.HB.LeftPalm.374645	66344.0	59546.0	0.897534064874
62.CA.Stool.374939	66956.0	59756.0	0.892466694546
21.HC.Tongue.375411	67691.0	62322.0	0.920683695026
68.HB.Forehead.375150	68069.0	63540.0	0.933464572713
54.HA.Forehead.374553	69653.0	67204.0	0.964839992534
68.HC.RightPalm.374987	70024.0	68779.0	0.982220381583
57.HB.Tongue.374365	70124.0	65864.0	0.939250470595
63.HC.RightPalm.374713	70705.0	65815.0	0.930839403154
48.HC.LeftPalm.375262	70994.0	65850.0	0.927543172662
31.CA.Tongue.374914	71506.0	66912.0	0.935753643051
26.HA.Tongue.374402	71536.0	66721.0	0.932691232386
27.HA.RightPalm.374896	72317.0	69238.0	0.95742356569
55.HB.Forehead.374425	72707.0	71338.0	0.981171001417
69.HA.Tongue.374383	73347.0	68052.0	0.92780890834
37.HA.RightPalm.375060	73466.0	72635.0	0.988688645088
25.HB.Tongue.375290	73671.0	67837.0	0.920810088094
55.HB.Tongue.375311	75281.0	69371.0	0.921494135306
20.HB.Tongue.375406	77966.0	69225.0	0.887887027679
30.HA.Forehead.374818	81463.0	78367.0	0.961995016142
03.HA.Tongue.374585	82207.0	76718.0	0.933229530332
69.HA.Forehead.374941	85029.0	81641.0	0.960154770725
62.HB.Tongue.374946	86142.0	80119.0	0.930080564649
64.HA.Tongue.374568	86591.0	80066.0	0.924645748403
42.HB.LeftPalm.374679	89664.0	83112.0	0.926927194861
71.CA.Forehead.375111	90766.0	79757.0	0.878710089681
1318.Tongue.374868	91720.0	84886.0	0.925490623637
26.HB.Forehead.375171	92995.0	90530.0	0.973493198559
23.HA.RightPalm.374950	94327.0	77522.0	0.821843162615
68.HA.Forehead.375202	94995.0	94217.0	0.991810095268
54.HB.Forehead.374407	108905.0	105647.0	0.970084018181
55.HA.Forehead.375053	109968.0	106185.0	0.96559908337
61.HB.Forehead.374722	113828.0	112891.0	0.991768281969
41.HA.LeftPalm.374427	125406.0	120947.0	0.964443487552
69.HA.LeftPalm.374617	138149.0	133437.0	0.965891899326
21.HC.LeftPalm.375173	180978.0	170580.0	0.942545502768
------------
Mean =  0.869988293023 percent of seqs made it into OTU table
SD =  0.154208395612
